0 0.3068166666666667 0.3659875 0.38387499999999997 0.568075
0 0.3530833333333333 0.3357 0.4479166666666667 0.5889500000000001
0 0.4491083333333333 0.423 0.555425 0.636725
0 0.5352416666666666 0.5205875 0.6582166666666667 0.7704375
0 0.6122 0.5205 0.6981499999999999 0.7463249999999999
0 0.04119166666666667 0.53945 0.12590833333333334 0.7247
0 0.73175 0.5766375 0.8512416666666667 0.7897
0 0.18382500000000002 0.52445 0.27313333333333334 0.6982125
0 0.3068166666666667 0.3659875 0.38387499999999997 0.568075
0 0.3530833333333333 0.3357 0.4479166666666667 0.5889500000000001
0 0.4491083333333333 0.423 0.555425 0.636725
0 0.5352416666666666 0.5205875 0.6582166666666667 0.7704375
0 0.6122 0.5205 0.6981499999999999 0.7463249999999999
0 0.04119166666666667 0.53945 0.12590833333333334 0.7247
0 0.73175 0.5766375 0.8512416666666667 0.7897
0 0.18382500000000002 0.52445 0.27313333333333334 0.6982125
