0 0.25830625 0.5010888888888889 0.27465 0.5491555555555556
0 0.42524375 0.6293444444444444 0.46403750000000005 0.7301000000000001
0 0.45859375 0.5534 0.49181874999999997 0.6209555555555556
0 0.5665749999999999 0.38395555555555555 0.619525 0.5116888888888889
0 0.2791375 0.5045000000000001 0.3022125 0.5680777777777778
0 0.28767499999999996 0.3847888888888889 0.31911249999999997 0.46604444444444443
0 0.28952500000000003 0.4686111111111111 0.3175 0.5386
0 0.5468437500000001 0.4179222222222222 0.5844312500000001 0.5072555555555556
0 0.41800624999999997 0.3552888888888889 0.45513750000000003 0.4593888888888889
0 0.7456125 0.42154444444444444 0.7964812499999999 0.5610777777777778
0 0.7660125 0.6621444444444444 0.80911875 0.7835222222222222
0 0.8034375 0.6774777777777778 0.85128125 0.8223333333333334
0 0.7742375 0.7206222222222222 0.8372812500000001 0.8942777777777778
0 0.937625 0.7369666666666667 1.0 0.9531444444444445
0 0.48479999999999995 0.5755111111111112 0.52215 0.6642111111111111
0 0.38925624999999997 0.5502888888888888 0.41449375000000005 0.6391555555555556
0 0.40073125 0.5503888888888889 0.4328875 0.6352444444444445
0 0.20371875 0.6957666666666668 0.22474375 0.7491777777777777
0 0.492425 0.6544444444444445 0.5359375 0.7995888888888889
0 0.45130625 0.7519666666666667 0.4820375 0.8383555555555555
0 0.358075 0.7196666666666667 0.38936875 0.8140000000000001
0 0.50918125 0.5044444444444445 0.54431875 0.5904333333333334
0 0.237 0.683811111111111 0.25766875 0.7543
0 0.21849375 0.6445 0.24096875 0.7047444444444444
0 0.25830625 0.5010888888888889 0.27465 0.5491555555555556
0 0.42524375 0.6293444444444444 0.46403750000000005 0.7301000000000001
0 0.45859375 0.5534 0.49181874999999997 0.6209555555555556
0 0.5665749999999999 0.38395555555555555 0.619525 0.5116888888888889
0 0.2791375 0.5045000000000001 0.3022125 0.5680777777777778
0 0.28767499999999996 0.3847888888888889 0.31911249999999997 0.46604444444444443
0 0.28952500000000003 0.4686111111111111 0.3175 0.5386
0 0.5468437500000001 0.4179222222222222 0.5844312500000001 0.5072555555555556
0 0.41800624999999997 0.3552888888888889 0.45513750000000003 0.4593888888888889
0 0.7456125 0.42154444444444444 0.7964812499999999 0.5610777777777778
0 0.7660125 0.6621444444444444 0.80911875 0.7835222222222222
0 0.8034375 0.6774777777777778 0.85128125 0.8223333333333334
0 0.7742375 0.7206222222222222 0.8372812500000001 0.8942777777777778
0 0.937625 0.7369666666666667 1.0 0.9531444444444445
0 0.48479999999999995 0.5755111111111112 0.52215 0.6642111111111111
0 0.38925624999999997 0.5502888888888888 0.41449375000000005 0.6391555555555556
0 0.40073125 0.5503888888888889 0.4328875 0.6352444444444445
0 0.20371875 0.6957666666666668 0.22474375 0.7491777777777777
0 0.492425 0.6544444444444445 0.5359375 0.7995888888888889
0 0.45130625 0.7519666666666667 0.4820375 0.8383555555555555
0 0.358075 0.7196666666666667 0.38936875 0.8140000000000001
0 0.50918125 0.5044444444444445 0.54431875 0.5904333333333334
0 0.237 0.683811111111111 0.25766875 0.7543
0 0.21849375 0.6445 0.24096875 0.7047444444444444
