0 0.29479347826086955 0.7366823529411765 0.3338804347826087 0.8844941176470589
0 0.3343586956521739 0.7305882352941176 0.3826086956521739 0.8746588235294118
0 0.40653260869565216 0.7109882352941177 0.459195652173913 0.8908941176470588
0 0.4389130434782609 0.5369882352941177 0.5223913043478261 0.7946352941176471
0 0.4578260869565217 0.7346823529411765 0.5173478260869565 0.9123764705882352
0 0.6305434782608695 0.3169176470588235 0.6980217391304347 0.5248235294117647
0 0.6937826086956521 0.42258823529411765 0.774554347826087 0.6965882352941176
0 0.6942717391304348 0.6496705882352941 0.8031195652173914 0.9087529411764707
0 0.07314130434782609 0.8036 0.10615217391304348 0.9187529411764707
0 0.0981304347826087 0.6872941176470588 0.12995652173913044 0.7901176470588236
0 0.29479347826086955 0.7366823529411765 0.3338804347826087 0.8844941176470589
0 0.3343586956521739 0.7305882352941176 0.3826086956521739 0.8746588235294118
0 0.40653260869565216 0.7109882352941177 0.459195652173913 0.8908941176470588
0 0.4389130434782609 0.5369882352941177 0.5223913043478261 0.7946352941176471
0 0.4578260869565217 0.7346823529411765 0.5173478260869565 0.9123764705882352
0 0.6305434782608695 0.3169176470588235 0.6980217391304347 0.5248235294117647
0 0.6937826086956521 0.42258823529411765 0.774554347826087 0.6965882352941176
0 0.6942717391304348 0.6496705882352941 0.8031195652173914 0.9087529411764707
0 0.07314130434782609 0.8036 0.10615217391304348 0.9187529411764707
0 0.0981304347826087 0.6872941176470588 0.12995652173913044 0.7901176470588236
