0 0.881234375 0.6527291666666667 0.99653125 0.876
0 0.11756249999999999 0.6767083333333334 0.21278125 0.876375
0 0.173546875 0.5867708333333332 0.291234375 0.833625
0 0.12060937499999999 0.22141666666666668 0.22865625 0.43777083333333333
0 0.34371874999999996 0.34410416666666666 0.45040625 0.5444166666666667
0 0.419640625 0.5683958333333333 0.5220312500000001 0.7744375
0 0.486625 0.6277291666666667 0.59953125 0.8471666666666666
0 0.6225625 0.24852083333333336 0.7645 0.5318541666666666
0 0.656078125 0.456625 0.809015625 0.7312708333333333
0 0.00690625 0.6681666666666667 0.120296875 0.9252291666666667
0 0.797265625 0.7357708333333334 0.9217187499999999 0.9635208333333334
0 0.881234375 0.6527291666666667 0.99653125 0.876
0 0.11756249999999999 0.6767083333333334 0.21278125 0.876375
0 0.173546875 0.5867708333333332 0.291234375 0.833625
0 0.12060937499999999 0.22141666666666668 0.22865625 0.43777083333333333
0 0.34371874999999996 0.34410416666666666 0.45040625 0.5444166666666667
0 0.419640625 0.5683958333333333 0.5220312500000001 0.7744375
0 0.486625 0.6277291666666667 0.59953125 0.8471666666666666
0 0.6225625 0.24852083333333336 0.7645 0.5318541666666666
0 0.656078125 0.456625 0.809015625 0.7312708333333333
0 0.00690625 0.6681666666666667 0.120296875 0.9252291666666667
0 0.797265625 0.7357708333333334 0.9217187499999999 0.9635208333333334
