0 0.300921875 0.6702037037037037 0.3741145833333333 0.8730555555555556
0 0.36475520833333336 0.6326944444444444 0.43583854166666663 0.818962962962963
0 0.3267552083333333 0.547212962962963 0.39995312499999996 0.731574074074074
0 0.38559895833333335 0.340537037037037 0.47889583333333335 0.5210648148148148
0 0.7351510416666667 0.5652037037037037 0.7867291666666667 0.6626574074074074
0 0.7179583333333334 0.5900092592592593 0.7623125000000001 0.6848055555555556
0 0.3815 0.8394444444444444 0.44255208333333335 0.9779074074074074
0 0.5949895833333334 0.17916666666666667 0.6495989583333334 0.3068888888888889
0 0.7702864583333333 0.5208796296296296 0.8214166666666666 0.6298611111111111
0 0.300921875 0.6702037037037037 0.3741145833333333 0.8730555555555556
0 0.36475520833333336 0.6326944444444444 0.43583854166666663 0.818962962962963
0 0.3267552083333333 0.547212962962963 0.39995312499999996 0.731574074074074
0 0.38559895833333335 0.340537037037037 0.47889583333333335 0.5210648148148148
0 0.7351510416666667 0.5652037037037037 0.7867291666666667 0.6626574074074074
0 0.7179583333333334 0.5900092592592593 0.7623125000000001 0.6848055555555556
0 0.3815 0.8394444444444444 0.44255208333333335 0.9779074074074074
0 0.5949895833333334 0.17916666666666667 0.6495989583333334 0.3068888888888889
0 0.7702864583333333 0.5208796296296296 0.8214166666666666 0.6298611111111111
