0 0.07926889714993804 0.5104612850082373 0.1805080545229244 0.661004942339374
0 0.33276332094175964 0.5487314662273476 0.41952912019826516 0.6922570016474464
0 0.3580421313506815 0.6034761120263592 0.4260099132589839 0.7119275123558484
0 0.5046964064436184 0.3834102141680395 0.5966666666666667 0.5370345963756178
0 0.6315737298636926 0.4454365733113674 0.730731102850062 0.5958813838550246
0 0.6389219330855018 0.6448929159802306 0.7548822800495664 0.8330807248764416
0 0.7464807930607187 0.8017133443163097 0.8376456009913259 0.9532125205930808
0 0.8720322180916976 0.7607742998352554 0.978810408921933 0.9415156507413509
0 0.00449814126394052 0.46889621087314665 0.0881288723667906 0.5862932454695222
0 0.07926889714993804 0.5104612850082373 0.1805080545229244 0.661004942339374
0 0.33276332094175964 0.5487314662273476 0.41952912019826516 0.6922570016474464
0 0.3580421313506815 0.6034761120263592 0.4260099132589839 0.7119275123558484
0 0.5046964064436184 0.3834102141680395 0.5966666666666667 0.5370345963756178
0 0.6315737298636926 0.4454365733113674 0.730731102850062 0.5958813838550246
0 0.6389219330855018 0.6448929159802306 0.7548822800495664 0.8330807248764416
0 0.7464807930607187 0.8017133443163097 0.8376456009913259 0.9532125205930808
0 0.8720322180916976 0.7607742998352554 0.978810408921933 0.9415156507413509
0 0.00449814126394052 0.46889621087314665 0.0881288723667906 0.5862932454695222
