0 0.6669907407407407 0.5819834710743802 0.714783950617284 0.6727272727272727
0 0.7209645061728395 0.6220971074380166 0.7731211419753087 0.7273088842975206
0 0.787716049382716 0.610340909090909 0.817716049382716 0.6573398760330578
0 0.761304012345679 0.5825671487603306 0.8027893518518519 0.6555578512396695
0 0.7725578703703704 0.5918181818181818 0.8095756172839507 0.6484297520661156
0 0.05095293209876543 0.22743801652892562 0.19160493827160494 0.597164256198347
0 0.17628086419753086 0.35733987603305783 0.30721064814814814 0.5701446280991735
0 0.22831018518518517 0.2953357438016529 0.3346566358024691 0.5020196280991736
0 0.4681828703703704 0.5692355371900826 0.5604938271604938 0.7357954545454546
0 0.5353472222222222 0.633021694214876 0.6154205246913581 0.7867407024793389
0 0.5874614197530864 0.5999328512396694 0.6635609567901235 0.745676652892562
0 0.577866512345679 0.4812138429752066 0.6625694444444444 0.6025929752066115
0 0.6669907407407407 0.5819834710743802 0.714783950617284 0.6727272727272727
0 0.7209645061728395 0.6220971074380166 0.7731211419753087 0.7273088842975206
0 0.787716049382716 0.610340909090909 0.817716049382716 0.6573398760330578
0 0.761304012345679 0.5825671487603306 0.8027893518518519 0.6555578512396695
0 0.7725578703703704 0.5918181818181818 0.8095756172839507 0.6484297520661156
0 0.05095293209876543 0.22743801652892562 0.19160493827160494 0.597164256198347
0 0.17628086419753086 0.35733987603305783 0.30721064814814814 0.5701446280991735
0 0.22831018518518517 0.2953357438016529 0.3346566358024691 0.5020196280991736
0 0.4681828703703704 0.5692355371900826 0.5604938271604938 0.7357954545454546
0 0.5353472222222222 0.633021694214876 0.6154205246913581 0.7867407024793389
0 0.5874614197530864 0.5999328512396694 0.6635609567901235 0.745676652892562
0 0.577866512345679 0.4812138429752066 0.6625694444444444 0.6025929752066115
