0 0.8921947449768161 0.6155463917525774 0.9491499227202473 0.7069175257731959
0 0.12656877897990726 0.6019793814432989 0.27575734157650694 0.815041237113402
0 0.2958423493044822 0.6105257731958763 0.40534775888717156 0.77
0 0.4110355486862442 0.6558144329896907 0.514853168469861 0.8376185567010309
0 0.47037867078825346 0.5543917525773195 0.5746213292117465 0.7342783505154639
0 0.7376661514683153 0.5459484536082475 0.8060741885625966 0.6722061855670103
0 0.904111282843895 0.5545463917525773 0.9534775888717155 0.624680412371134
0 0.8921947449768161 0.6155463917525774 0.9491499227202473 0.7069175257731959
0 0.12656877897990726 0.6019793814432989 0.27575734157650694 0.815041237113402
0 0.2958423493044822 0.6105257731958763 0.40534775888717156 0.77
0 0.4110355486862442 0.6558144329896907 0.514853168469861 0.8376185567010309
0 0.47037867078825346 0.5543917525773195 0.5746213292117465 0.7342783505154639
0 0.7376661514683153 0.5459484536082475 0.8060741885625966 0.6722061855670103
0 0.904111282843895 0.5545463917525773 0.9534775888717155 0.624680412371134
