0 0.14013935810810813 0.6892549261083744 0.28566300675675677 0.9400246305418719
0 0.0 0.2316194581280788 0.12986908783783782 0.4539162561576354
0 0.1104054054054054 0.32155172413793104 0.25403716216216216 0.5530295566502463
0 0.3259797297297297 0.5193165024630542 0.49355152027027027 0.7958128078817734
0 0.3889780405405405 0.2942672413793103 0.5729265202702702 0.592807881773399
0 0.4380996621621622 0.0595935960591133 0.5675929054054054 0.2560652709359606
0 0.7662077702702703 0.5820320197044335 0.9285135135135134 0.8161391625615764
0 0.6525337837837838 0.6773583743842364 0.8158023648648648 0.9973337438423646
0 0.18530827702702704 0.38685960591133006 0.3579180743243243 0.6568965517241379
0 0.14013935810810813 0.6892549261083744 0.28566300675675677 0.9400246305418719
0 0.0 0.2316194581280788 0.12986908783783782 0.4539162561576354
0 0.1104054054054054 0.32155172413793104 0.25403716216216216 0.5530295566502463
0 0.3259797297297297 0.5193165024630542 0.49355152027027027 0.7958128078817734
0 0.3889780405405405 0.2942672413793103 0.5729265202702702 0.592807881773399
0 0.4380996621621622 0.0595935960591133 0.5675929054054054 0.2560652709359606
0 0.7662077702702703 0.5820320197044335 0.9285135135135134 0.8161391625615764
0 0.6525337837837838 0.6773583743842364 0.8158023648648648 0.9973337438423646
0 0.18530827702702704 0.38685960591133006 0.3579180743243243 0.6568965517241379
