0 0.06855 0.6268518518518519 0.2055 0.8080123456790124
0 0.2494 0.6925555555555556 0.36719999999999997 0.8775432098765431
0 0.48138 0.505432098765432 0.5551 0.6151234567901235
0 0.65873 0.595716049382716 0.78067 0.7813456790123456
0 0.80903 0.6113456790123457 0.90411 0.7784814814814816
0 0.83849 0.71979012345679 0.94389 0.8913827160493827
0 0.04696 0.5287407407407407 0.1704 0.6907407407407408
0 0.06855 0.6268518518518519 0.2055 0.8080123456790124
0 0.2494 0.6925555555555556 0.36719999999999997 0.8775432098765431
0 0.48138 0.505432098765432 0.5551 0.6151234567901235
0 0.65873 0.595716049382716 0.78067 0.7813456790123456
0 0.80903 0.6113456790123457 0.90411 0.7784814814814816
0 0.83849 0.71979012345679 0.94389 0.8913827160493827
0 0.04696 0.5287407407407407 0.1704 0.6907407407407408
