0 0.6788134765625 0.3562239583333333 0.7718408203125 0.5316471354166666
0 0.0 0.2533463541666667 0.079013671875 0.45875
0 0.2012060546875 0.47169921875 0.3203125 0.6834830729166667
0 0.2973681640625 0.48956380208333333 0.4121923828125 0.6930533854166666
0 0.339931640625 0.5006380208333333 0.4595361328125 0.7172591145833334
0 0.71685546875 0.44951822916666667 0.8112109375 0.60544921875
0 0.789951171875 0.3427604166666667 0.8786572265625 0.48318359375
0 0.8058984375 0.22536458333333334 0.8816455078125 0.341875
0 0.7725732421875 0.0 0.8618798828125 0.10620442708333333
0 0.6788134765625 0.3562239583333333 0.7718408203125 0.5316471354166666
0 0.0 0.2533463541666667 0.079013671875 0.45875
0 0.2012060546875 0.47169921875 0.3203125 0.6834830729166667
0 0.2973681640625 0.48956380208333333 0.4121923828125 0.6930533854166666
0 0.339931640625 0.5006380208333333 0.4595361328125 0.7172591145833334
0 0.71685546875 0.44951822916666667 0.8112109375 0.60544921875
0 0.789951171875 0.3427604166666667 0.8786572265625 0.48318359375
0 0.8058984375 0.22536458333333334 0.8816455078125 0.341875
0 0.7725732421875 0.0 0.8618798828125 0.10620442708333333
