0 0.09461458333333334 0.4415555555555556 0.19895833333333332 0.58375
0 0.15751041666666668 0.5426944444444445 0.24957291666666667 0.6915416666666667
0 0.209 0.6534444444444445 0.29973958333333334 0.8173472222222222
0 0.29970833333333335 0.6618611111111111 0.38512500000000005 0.81025
0 0.3568854166666667 0.707486111111111 0.42433333333333334 0.8257638888888889
0 0.12098958333333334 0.3675833333333334 0.17561458333333332 0.4606111111111111
0 0.44990625 0.5896527777777778 0.5196770833333333 0.708375
0 0.5293125 0.5249722222222223 0.5901145833333333 0.6219861111111111
0 0.5675208333333334 0.5059305555555556 0.6353020833333333 0.5949583333333334
0 0.5804791666666667 0.6720416666666666 0.636625 0.7876666666666666
0 0.846 0.6880000000000001 0.8853125 0.7507638888888888
0 0.1946770833333333 0.40980555555555553 0.26527083333333334 0.5032083333333334
0 0.09461458333333334 0.4415555555555556 0.19895833333333332 0.58375
0 0.15751041666666668 0.5426944444444445 0.24957291666666667 0.6915416666666667
0 0.209 0.6534444444444445 0.29973958333333334 0.8173472222222222
0 0.29970833333333335 0.6618611111111111 0.38512500000000005 0.81025
0 0.3568854166666667 0.707486111111111 0.42433333333333334 0.8257638888888889
0 0.12098958333333334 0.3675833333333334 0.17561458333333332 0.4606111111111111
0 0.44990625 0.5896527777777778 0.5196770833333333 0.708375
0 0.5293125 0.5249722222222223 0.5901145833333333 0.6219861111111111
0 0.5675208333333334 0.5059305555555556 0.6353020833333333 0.5949583333333334
0 0.5804791666666667 0.6720416666666666 0.636625 0.7876666666666666
0 0.846 0.6880000000000001 0.8853125 0.7507638888888888
0 0.1946770833333333 0.40980555555555553 0.26527083333333334 0.5032083333333334
