0 0.729375 0.4933666666666666 0.8160916666666667 0.6430888888888888
0 0.4313916666666666 0.624688888888889 0.5142083333333333 0.8186111111111111
0 0.0 0.5447555555555555 0.10380833333333332 0.7935444444444445
0 0.13055833333333333 0.48696666666666666 0.22863333333333336 0.6808888888888889
0 0.11141666666666666 0.7115111111111111 0.22241666666666665 0.8614111111111111
0 0.27523333333333333 0.6053888888888889 0.3726 0.7936666666666666
0 0.35962500000000003 0.6585 0.4414833333333333 0.8064888888888889
0 0.8622666666666667 0.36666666666666664 0.9260583333333333 0.47076666666666667
0 0.45296666666666663 0.5513333333333333 0.5276 0.7050666666666666
0 0.48406666666666665 0.5417555555555555 0.5682666666666666 0.7037888888888889
0 0.5320583333333334 0.5180333333333333 0.5985 0.6341000000000001
0 0.6167416666666667 0.5203888888888889 0.7034583333333333 0.636888888888889
0 0.6911666666666666 0.5314555555555556 0.7669166666666666 0.6873888888888888
0 0.7416666666666667 0.3839444444444445 0.8024666666666667 0.4867222222222222
0 0.9144333333333333 0.36577777777777776 0.9729083333333334 0.4738666666666667
0 0.7941583333333333 0.5181666666666667 0.8536333333333332 0.6244888888888889
0 0.729375 0.4933666666666666 0.8160916666666667 0.6430888888888888
0 0.4313916666666666 0.624688888888889 0.5142083333333333 0.8186111111111111
0 0.0 0.5447555555555555 0.10380833333333332 0.7935444444444445
0 0.13055833333333333 0.48696666666666666 0.22863333333333336 0.6808888888888889
0 0.11141666666666666 0.7115111111111111 0.22241666666666665 0.8614111111111111
0 0.27523333333333333 0.6053888888888889 0.3726 0.7936666666666666
0 0.35962500000000003 0.6585 0.4414833333333333 0.8064888888888889
0 0.8622666666666667 0.36666666666666664 0.9260583333333333 0.47076666666666667
0 0.45296666666666663 0.5513333333333333 0.5276 0.7050666666666666
0 0.48406666666666665 0.5417555555555555 0.5682666666666666 0.7037888888888889
0 0.5320583333333334 0.5180333333333333 0.5985 0.6341000000000001
0 0.6167416666666667 0.5203888888888889 0.7034583333333333 0.636888888888889
0 0.6911666666666666 0.5314555555555556 0.7669166666666666 0.6873888888888888
0 0.7416666666666667 0.3839444444444445 0.8024666666666667 0.4867222222222222
0 0.9144333333333333 0.36577777777777776 0.9729083333333334 0.4738666666666667
0 0.7941583333333333 0.5181666666666667 0.8536333333333332 0.6244888888888889
