0 0.5198392857142857 0.7382751322751322 0.6120535714285714 0.9608994708994708
0 0.6444226190476191 0.5294285714285715 0.7615416666666667 0.7361058201058202
0 0.09410714285714285 0.4649735449735449 0.2168452380952381 0.7451216931216931
0 0.4409583333333333 0.6643174603174603 0.5414285714285715 0.9141587301587302
0 0.4426904761904762 0.766984126984127 0.5331130952380952 0.9545185185185185
0 0.5198392857142857 0.7382751322751322 0.6120535714285714 0.9608994708994708
0 0.6444226190476191 0.5294285714285715 0.7615416666666667 0.7361058201058202
0 0.09410714285714285 0.4649735449735449 0.2168452380952381 0.7451216931216931
0 0.4409583333333333 0.6643174603174603 0.5414285714285715 0.9141587301587302
0 0.4426904761904762 0.766984126984127 0.5331130952380952 0.9545185185185185
