0 0.11881875000000001 0.11985 0.3131 0.42573333333333335
0 0.35463124999999995 0.4887833333333333 0.52111875 0.7720166666666667
0 0.44241875 0.68105 0.56973125 0.9145166666666668
0 0.49566875000000005 0.5194333333333334 0.6155437500000001 0.7362166666666667
0 0.5295624999999999 0.61285 0.64668125 0.8131
0 0.555675 0.4171916666666667 0.690775 0.6330583333333333
0 0.5054500000000001 0.21234999999999998 0.66941875 0.5246666666666667
0 0.557675 0.0 0.7884625 0.42022499999999996
0 0.2508125 0.42435833333333334 0.39529375 0.6801583333333334
0 0.11881875000000001 0.11985 0.3131 0.42573333333333335
0 0.35463124999999995 0.4887833333333333 0.52111875 0.7720166666666667
0 0.44241875 0.68105 0.56973125 0.9145166666666668
0 0.49566875000000005 0.5194333333333334 0.6155437500000001 0.7362166666666667
0 0.5295624999999999 0.61285 0.64668125 0.8131
0 0.555675 0.4171916666666667 0.690775 0.6330583333333333
0 0.5054500000000001 0.21234999999999998 0.66941875 0.5246666666666667
0 0.557675 0.0 0.7884625 0.42022499999999996
0 0.2508125 0.42435833333333334 0.39529375 0.6801583333333334
