0 0.54046 0.3713343328335832 0.59512 0.4705547226386807
0 0.143 0.05344827586206896 0.19888999999999998 0.1579160419790105
0 0.15827000000000002 0.032023988005997 0.2085 0.10290854572713644
0 0.30898000000000003 0.02859070464767616 0.36684 0.1223688155922039
0 0.19028 0.3417541229385307 0.24912 0.45434782608695656
0 0.08861 0.35014992503748127 0.13806000000000002 0.44952023988005996
0 0.16963999999999999 0.47715142428785606 0.23465 0.6158170914542729
0 0.32122 0.5055022488755623 0.41022000000000003 0.6862518740629685
0 0.28984 0.6117241379310344 0.37423 0.7552473763118441
0 0.39621 0.5920539730134933 0.48556 0.7456821589205397
0 0.4178 0.632983508245877 0.50081 0.7642878560719639
0 0.47881999999999997 0.550584707646177 0.56959 0.7233583208395802
0 0.47918 0.6521139430284857 0.55364 0.7903298350824587
0 0.42669999999999997 0.7064467766116941 0.505 0.8269415292353823
0 0.51505 0.6989205397301349 0.5836 0.8468815592203898
0 0.35869 0.40044977511244384 0.42567 0.5193103448275862
0 0.4141 0.39608695652173914 0.46038999999999997 0.48284857571214396
0 0.4104 0.424887556221889 0.47541 0.5308395802098951
0 0.41487999999999997 0.28136431784107946 0.4725 0.3952023988005997
0 0.52362 0.3345577211394303 0.57739 0.44752623688155924
0 0.54755 0.39569715142428785 0.604 0.5011244377811095
0 0.6134400000000001 0.5281409295352324 0.6861 0.6880659670164917
0 0.61078 0.4129685157421289 0.6734199999999999 0.5179610194902549
0 0.60753 0.3225937031484258 0.6725399999999999 0.45106446776611697
0 0.66869 0.40233883058470765 0.7239500000000001 0.49403298350824587
0 0.64181 0.18616191904047977 0.71065 0.2783058470764618
0 0.7207 0.28272863568215895 0.78275 0.4005697151424288
0 0.75615 0.393928035982009 0.8247000000000001 0.5166266866566717
0 0.77861 0.2893703148425787 0.83416 0.4067616191904048
0 0.8167300000000001 0.2712143928035982 0.86902 0.35980509745127437
0 0.83505 0.1910344827586207 0.8855700000000001 0.2818440779610195
0 0.88321 0.09535232383808097 0.94348 0.20166416791604197
0 0.54046 0.3713343328335832 0.59512 0.4705547226386807
0 0.143 0.05344827586206896 0.19888999999999998 0.1579160419790105
0 0.15827000000000002 0.032023988005997 0.2085 0.10290854572713644
0 0.30898000000000003 0.02859070464767616 0.36684 0.1223688155922039
0 0.19028 0.3417541229385307 0.24912 0.45434782608695656
0 0.08861 0.35014992503748127 0.13806000000000002 0.44952023988005996
0 0.16963999999999999 0.47715142428785606 0.23465 0.6158170914542729
0 0.32122 0.5055022488755623 0.41022000000000003 0.6862518740629685
0 0.28984 0.6117241379310344 0.37423 0.7552473763118441
0 0.39621 0.5920539730134933 0.48556 0.7456821589205397
0 0.4178 0.632983508245877 0.50081 0.7642878560719639
0 0.47881999999999997 0.550584707646177 0.56959 0.7233583208395802
0 0.47918 0.6521139430284857 0.55364 0.7903298350824587
0 0.42669999999999997 0.7064467766116941 0.505 0.8269415292353823
0 0.51505 0.6989205397301349 0.5836 0.8468815592203898
0 0.35869 0.40044977511244384 0.42567 0.5193103448275862
0 0.4141 0.39608695652173914 0.46038999999999997 0.48284857571214396
0 0.4104 0.424887556221889 0.47541 0.5308395802098951
0 0.41487999999999997 0.28136431784107946 0.4725 0.3952023988005997
0 0.52362 0.3345577211394303 0.57739 0.44752623688155924
0 0.54755 0.39569715142428785 0.604 0.5011244377811095
0 0.6134400000000001 0.5281409295352324 0.6861 0.6880659670164917
0 0.61078 0.4129685157421289 0.6734199999999999 0.5179610194902549
0 0.60753 0.3225937031484258 0.6725399999999999 0.45106446776611697
0 0.66869 0.40233883058470765 0.7239500000000001 0.49403298350824587
0 0.64181 0.18616191904047977 0.71065 0.2783058470764618
0 0.7207 0.28272863568215895 0.78275 0.4005697151424288
0 0.75615 0.393928035982009 0.8247000000000001 0.5166266866566717
0 0.77861 0.2893703148425787 0.83416 0.4067616191904048
0 0.8167300000000001 0.2712143928035982 0.86902 0.35980509745127437
0 0.83505 0.1910344827586207 0.8855700000000001 0.2818440779610195
0 0.88321 0.09535232383808097 0.94348 0.20166416791604197
