0 0.200595703125 0.7278770131771596 0.291982421875 0.9506295754026354
0 0.7632421875 0.6298975109809664 0.871484375 0.9177159590043923
0 0.33732421875 0.29446559297218156 0.467216796875 0.6536310395314788
0 0.146044921875 0.3501317715959004 0.315146484375 0.7019472913616398
0 0.0 0.10982430453879942 0.116142578125 0.39
0 0.200595703125 0.7278770131771596 0.291982421875 0.9506295754026354
0 0.7632421875 0.6298975109809664 0.871484375 0.9177159590043923
0 0.33732421875 0.29446559297218156 0.467216796875 0.6536310395314788
0 0.146044921875 0.3501317715959004 0.315146484375 0.7019472913616398
0 0.0 0.10982430453879942 0.116142578125 0.39
