0 0.3352457372116349 0.6655873015873016 0.3830591775325978 0.7778730158730158
0 0.4390270812437312 0.5276984126984127 0.5226680040120362 0.7185396825396826
0 0.45917753259779337 0.674952380952381 0.5156469408224674 0.8057142857142857
0 0.632407221664995 0.3671587301587302 0.6982447342026078 0.5213174603174603
0 0.70197592778335 0.4433809523809524 0.7751955867602809 0.6448571428571428
0 0.692567703109328 0.6087142857142858 0.8027382146439318 0.8022063492063491
0 0.07111334002006019 0.7246031746031746 0.10392176529588766 0.8083174603174603
0 0.29577733199598794 0.6772698412698412 0.3342728184553661 0.7781746031746032
0 0.3352457372116349 0.6655873015873016 0.3830591775325978 0.7778730158730158
0 0.4390270812437312 0.5276984126984127 0.5226680040120362 0.7185396825396826
0 0.45917753259779337 0.674952380952381 0.5156469408224674 0.8057142857142857
0 0.632407221664995 0.3671587301587302 0.6982447342026078 0.5213174603174603
0 0.70197592778335 0.4433809523809524 0.7751955867602809 0.6448571428571428
0 0.692567703109328 0.6087142857142858 0.8027382146439318 0.8022063492063491
0 0.07111334002006019 0.7246031746031746 0.10392176529588766 0.8083174603174603
0 0.29577733199598794 0.6772698412698412 0.3342728184553661 0.7781746031746032
