0 0.47101111111111116 0.5377333333333333 0.6885555555555556 0.6768
0 0.5736666666666667 0.5972916666666667 0.7890111111111111 0.7301916666666667
0 0.5402444444444445 0.6981666666666666 0.7157888888888889 0.8116833333333333
0 0.6283888888888889 0.7338333333333333 0.8072666666666666 0.8439833333333333
0 0.36673333333333336 0.2036 0.6652666666666667 0.40007499999999996
0 0.18216666666666664 0.11365833333333332 0.44855555555555554 0.305025
0 0.47101111111111116 0.5377333333333333 0.6885555555555556 0.6768
0 0.5736666666666667 0.5972916666666667 0.7890111111111111 0.7301916666666667
0 0.5402444444444445 0.6981666666666666 0.7157888888888889 0.8116833333333333
0 0.6283888888888889 0.7338333333333333 0.8072666666666666 0.8439833333333333
0 0.36673333333333336 0.2036 0.6652666666666667 0.40007499999999996
0 0.18216666666666664 0.11365833333333332 0.44855555555555554 0.305025
