0 0.59796 0.3711565585331452 0.65512 0.4974188998589563
0 0.02591 0.3214245416078984 0.11825 0.45538787023977434
0 0.06093 0.35909732016925244 0.13257 0.48301833568406205
0 0.0 0.5551904090267983 0.06081 0.6751622002820874
0 0.02231 0.5758533145275034 0.07992 0.665937940761636
0 0.038009999999999995 0.5345133991537377 0.10346999999999999 0.6245839210155147
0 0.05241 0.5824964739069112 0.1375 0.7094922425952045
0 0.055310000000000005 0.6434132581100142 0.11787 0.7526798307475318
0 0.12546 0.5629337094499295 0.17884999999999998 0.6522708039492242
0 0.1621 0.5688434414668547 0.21916 0.6674047954866008
0 0.17934999999999998 0.46215796897038086 0.23538 0.5832440056417489
0 0.19766999999999998 0.5533427362482369 0.25528 0.6640902679830747
0 0.14852 0.6520169252468265 0.23363 0.8393935119887165
0 0.13212000000000002 0.7969111424541607 0.1987 0.9284767277856135
0 0.11799 0.8394499294781381 0.21378 0.9843018335684062
0 0.32566 0.43940761636107195 0.4228 0.588688293370945
0 0.36489 0.4974188998589563 0.44821 0.6417066290550071
0 0.30741 0.5744005641748943 0.40570999999999996 0.7192665726375176
0 0.4092 0.5829055007052186 0.5028 0.7401692524682651
0 0.39409 0.5992101551480958 0.46382 0.7524823695345557
0 0.51219 0.5872496473906912 0.59636 0.7746403385049365
0 0.52311 0.34576868829337093 0.6045 0.4675881523272214
0 0.5712 0.2866854724964739 0.64344 0.4093935119887165
0 0.61046 0.3566713681241185 0.69024 0.4855853314527503
0 0.6808099999999999 0.2857968970380818 0.75462 0.4018617771509168
0 0.7040599999999999 0.31946403385049366 0.7653 0.41692524682651627
0 0.7357 0.40229901269393514 0.81053 0.5343159379407616
0 0.7869700000000001 0.39565585331452746 0.84665 0.47937940761636105
0 0.80362 0.4536953455571227 0.88151 0.5657686882933709
0 0.80362 0.5090691114245416 0.85576 0.6091819464033851
0 0.6984 0.6161354019746121 0.7599600000000001 0.6963187588152328
0 0.73798 0.6178984485190409 0.78352 0.7273201692524682
0 0.65443 0.6874612129760226 0.7555599999999999 0.8504795486600847
0 0.60481 0.7600987306064879 0.6805 0.8535684062059238
0 0.63402 0.7649788434414668 0.71693 0.8859097320169252
0 0.70374 0.7623131170662906 0.7832 0.8664174894217207
0 0.87221 0.6340197461212975 0.94528 0.7850634696755995
0 0.87027 0.4185613540197461 0.9255399999999999 0.5089280677009873
0 0.91112 0.4202538787023977 0.97001 0.5335966149506347
0 0.9461900000000001 0.41361071932299015 1.0 0.5155007052186178
0 0.92643 0.3239774330042313 0.98349 0.44100141043723556
0 0.8964099999999999 0.20204513399153737 0.9895900000000001 0.34269393511988716
0 0.8849 0.25114245416078984 0.95713 0.3644851904090268
0 0.59796 0.3711565585331452 0.65512 0.4974188998589563
0 0.02591 0.3214245416078984 0.11825 0.45538787023977434
0 0.06093 0.35909732016925244 0.13257 0.48301833568406205
0 0.0 0.5551904090267983 0.06081 0.6751622002820874
0 0.02231 0.5758533145275034 0.07992 0.665937940761636
0 0.038009999999999995 0.5345133991537377 0.10346999999999999 0.6245839210155147
0 0.05241 0.5824964739069112 0.1375 0.7094922425952045
0 0.055310000000000005 0.6434132581100142 0.11787 0.7526798307475318
0 0.12546 0.5629337094499295 0.17884999999999998 0.6522708039492242
0 0.1621 0.5688434414668547 0.21916 0.6674047954866008
0 0.17934999999999998 0.46215796897038086 0.23538 0.5832440056417489
0 0.19766999999999998 0.5533427362482369 0.25528 0.6640902679830747
0 0.14852 0.6520169252468265 0.23363 0.8393935119887165
0 0.13212000000000002 0.7969111424541607 0.1987 0.9284767277856135
0 0.11799 0.8394499294781381 0.21378 0.9843018335684062
0 0.32566 0.43940761636107195 0.4228 0.588688293370945
0 0.36489 0.4974188998589563 0.44821 0.6417066290550071
0 0.30741 0.5744005641748943 0.40570999999999996 0.7192665726375176
0 0.4092 0.5829055007052186 0.5028 0.7401692524682651
0 0.39409 0.5992101551480958 0.46382 0.7524823695345557
0 0.51219 0.5872496473906912 0.59636 0.7746403385049365
0 0.52311 0.34576868829337093 0.6045 0.4675881523272214
0 0.5712 0.2866854724964739 0.64344 0.4093935119887165
0 0.61046 0.3566713681241185 0.69024 0.4855853314527503
0 0.6808099999999999 0.2857968970380818 0.75462 0.4018617771509168
0 0.7040599999999999 0.31946403385049366 0.7653 0.41692524682651627
0 0.7357 0.40229901269393514 0.81053 0.5343159379407616
0 0.7869700000000001 0.39565585331452746 0.84665 0.47937940761636105
0 0.80362 0.4536953455571227 0.88151 0.5657686882933709
0 0.80362 0.5090691114245416 0.85576 0.6091819464033851
0 0.6984 0.6161354019746121 0.7599600000000001 0.6963187588152328
0 0.73798 0.6178984485190409 0.78352 0.7273201692524682
0 0.65443 0.6874612129760226 0.7555599999999999 0.8504795486600847
0 0.60481 0.7600987306064879 0.6805 0.8535684062059238
0 0.63402 0.7649788434414668 0.71693 0.8859097320169252
0 0.70374 0.7623131170662906 0.7832 0.8664174894217207
0 0.87221 0.6340197461212975 0.94528 0.7850634696755995
0 0.87027 0.4185613540197461 0.9255399999999999 0.5089280677009873
0 0.91112 0.4202538787023977 0.97001 0.5335966149506347
0 0.9461900000000001 0.41361071932299015 1.0 0.5155007052186178
0 0.92643 0.3239774330042313 0.98349 0.44100141043723556
0 0.8964099999999999 0.20204513399153737 0.9895900000000001 0.34269393511988716
0 0.8849 0.25114245416078984 0.95713 0.3644851904090268
