0 0.5417129629629629 0.4441411042944785 0.5856111111111112 0.5523006134969326
0 0.08037037037037037 0.6135889570552148 0.12587962962962962 0.7178834355828221
0 0.5787037037037037 0.5928987730061349 0.6255 0.6770705521472392
0 0.6003240740740741 0.5888496932515338 0.6388796296296296 0.6822392638036809
0 0.6433796296296297 0.4753834355828221 0.6849814814814814 0.5658282208588957
0 0.2541111111111111 0.728558282208589 0.30649074074074073 0.8405368098159509
0 0.18725925925925926 0.7125613496932515 0.24074074074074073 0.826993865030675
0 0.6578055555555555 0.5357975460122699 0.6998148148148148 0.6431595092024539
0 0.0 0.4993711656441717 0.029953703703703705 0.5941257668711657
0 0.11241666666666666 0.5990490797546012 0.15308333333333335 0.6873312883435583
0 0.6882685185185186 0.4730368098159509 0.7400833333333333 0.593021472392638
0 0.8937407407407407 0.3110889570552147 0.9559166666666667 0.44878834355828223
0 0.7635000000000001 0.9060276073619632 0.7945740740740741 0.9592177914110429
0 0.4235648148148148 0.8702760736196319 0.4592222222222222 0.953957055214724
0 0.4031944444444444 0.3289877300613497 0.45187037037037037 0.4388496932515337
0 0.24513888888888888 0.6331901840490797 0.28785185185185186 0.7242024539877301
0 0.4862592592592592 0.4019018404907976 0.539212962962963 0.5352453987730061
0 0.4626388888888889 0.44 0.506537037037037 0.5791717791411043
0 0.3583055555555556 0.5707361963190184 0.39897222222222223 0.6716411042944785
0 0.5417129629629629 0.4441411042944785 0.5856111111111112 0.5523006134969326
0 0.08037037037037037 0.6135889570552148 0.12587962962962962 0.7178834355828221
0 0.5787037037037037 0.5928987730061349 0.6255 0.6770705521472392
0 0.6003240740740741 0.5888496932515338 0.6388796296296296 0.6822392638036809
0 0.6433796296296297 0.4753834355828221 0.6849814814814814 0.5658282208588957
0 0.2541111111111111 0.728558282208589 0.30649074074074073 0.8405368098159509
0 0.18725925925925926 0.7125613496932515 0.24074074074074073 0.826993865030675
0 0.6578055555555555 0.5357975460122699 0.6998148148148148 0.6431595092024539
0 0.0 0.4993711656441717 0.029953703703703705 0.5941257668711657
0 0.11241666666666666 0.5990490797546012 0.15308333333333335 0.6873312883435583
0 0.6882685185185186 0.4730368098159509 0.7400833333333333 0.593021472392638
0 0.8937407407407407 0.3110889570552147 0.9559166666666667 0.44878834355828223
0 0.7635000000000001 0.9060276073619632 0.7945740740740741 0.9592177914110429
0 0.4235648148148148 0.8702760736196319 0.4592222222222222 0.953957055214724
0 0.4031944444444444 0.3289877300613497 0.45187037037037037 0.4388496932515337
0 0.24513888888888888 0.6331901840490797 0.28785185185185186 0.7242024539877301
0 0.4862592592592592 0.4019018404907976 0.539212962962963 0.5352453987730061
0 0.4626388888888889 0.44 0.506537037037037 0.5791717791411043
0 0.3583055555555556 0.5707361963190184 0.39897222222222223 0.6716411042944785
