0 0.195185546875 0.7835840707964602 0.235537109375 0.8571091445427729
0 0.9655859375 0.5340265486725664 1.0 0.672448377581121
0 0.94517578125 0.4388200589970501 0.9955078125 0.520693215339233
0 0.929755859375 0.34744837758112096 0.99099609375 0.4697050147492625
0 0.90287109375 0.8088643067846607 0.994375 0.9656784660766962
0 0.742509765625 0.778023598820059 0.82169921875 0.9619616519174042
0 0.47353515625 0.5978761061946903 0.54216796875 0.7530973451327434
0 0.414755859375 0.4963421828908554 0.478466796875 0.6255162241887906
0 0.4186328125 0.5447197640117994 0.4897265625 0.6685693215339233
0 0.353916015625 0.443716814159292 0.409892578125 0.5208702064896755
0 0.313955078125 0.29525073746312686 0.3769921875 0.4159144542772861
0 0.2871484375 0.2701327433628319 0.32279296875 0.3203834808259587
0 0.307353515625 0.4162536873156343 0.35861328125 0.5093215339233038
0 0.259853515625 0.4226106194690265 0.3175 0.5355162241887905
0 0.223671875 0.46985250737463125 0.277705078125 0.5817109144542773
0 0.270576171875 0.5064749262536873 0.332421875 0.6345722713864307
0 0.2546875 0.6066224188790561 0.29892578125 0.6896902654867256
0 0.2500390625 0.5545722713864307 0.2898828125 0.6409587020648967
0 0.229609375 0.7316076696165191 0.2728125 0.8260471976401179
0 0.195185546875 0.7835840707964602 0.235537109375 0.8571091445427729
0 0.9655859375 0.5340265486725664 1.0 0.672448377581121
0 0.94517578125 0.4388200589970501 0.9955078125 0.520693215339233
0 0.929755859375 0.34744837758112096 0.99099609375 0.4697050147492625
0 0.90287109375 0.8088643067846607 0.994375 0.9656784660766962
0 0.742509765625 0.778023598820059 0.82169921875 0.9619616519174042
0 0.47353515625 0.5978761061946903 0.54216796875 0.7530973451327434
0 0.414755859375 0.4963421828908554 0.478466796875 0.6255162241887906
0 0.4186328125 0.5447197640117994 0.4897265625 0.6685693215339233
0 0.353916015625 0.443716814159292 0.409892578125 0.5208702064896755
0 0.313955078125 0.29525073746312686 0.3769921875 0.4159144542772861
0 0.2871484375 0.2701327433628319 0.32279296875 0.3203834808259587
0 0.307353515625 0.4162536873156343 0.35861328125 0.5093215339233038
0 0.259853515625 0.4226106194690265 0.3175 0.5355162241887905
0 0.223671875 0.46985250737463125 0.277705078125 0.5817109144542773
0 0.270576171875 0.5064749262536873 0.332421875 0.6345722713864307
0 0.2546875 0.6066224188790561 0.29892578125 0.6896902654867256
0 0.2500390625 0.5545722713864307 0.2898828125 0.6409587020648967
0 0.229609375 0.7316076696165191 0.2728125 0.8260471976401179
