0 0.32367708333333334 0.5654234062797335 0.41801041666666666 0.6369457659372026
0 0.34978125000000004 0.6105423406279733 0.4295208333333333 0.685651760228354
0 0.18916666666666665 0.7281826831588963 0.3393125 0.8685252140818269
0 0.3602708333333334 0.7744338725023786 0.5075104166666666 0.9083920076117983
0 0.31254166666666666 0.7999524262607041 0.4306875 0.9115794481446242
0 0.4004270833333334 0.7069267364414843 0.5412604166666667 0.8350333016175071
0 0.5173958333333333 0.7739010466222646 0.6460104166666666 0.9386964795432922
0 0.65346875 0.6489819219790676 0.7791666666666667 0.7685823025689819
0 0.23008333333333333 0.5400951474785918 0.28004166666666663 0.5957183634633683
0 0.0 0.5288296860133206 0.048749999999999995 0.5747193149381541
0 0.32367708333333334 0.5654234062797335 0.41801041666666666 0.6369457659372026
0 0.34978125000000004 0.6105423406279733 0.4295208333333333 0.685651760228354
0 0.18916666666666665 0.7281826831588963 0.3393125 0.8685252140818269
0 0.3602708333333334 0.7744338725023786 0.5075104166666666 0.9083920076117983
0 0.31254166666666666 0.7999524262607041 0.4306875 0.9115794481446242
0 0.4004270833333334 0.7069267364414843 0.5412604166666667 0.8350333016175071
0 0.5173958333333333 0.7739010466222646 0.6460104166666666 0.9386964795432922
0 0.65346875 0.6489819219790676 0.7791666666666667 0.7685823025689819
0 0.23008333333333333 0.5400951474785918 0.28004166666666663 0.5957183634633683
0 0.0 0.5288296860133206 0.048749999999999995 0.5747193149381541
