0 0.4619895287958115 0.49371 0.5506596858638744 0.74576
0 0.2721675392670157 0.50895 0.3252094240837696 0.6450499999999999
0 0.3006701570680628 0.55087 0.3502879581151832 0.68098
0 0.3414240837696335 0.59333 0.413565445026178 0.8072699999999999
0 0.40754973821989526 0.63797 0.4811151832460733 0.8230599999999999
0 0.4824293193717278 0.74493 0.582303664921466 0.95528
0 0.5135549738219896 0.7684500000000001 0.581958115183246 0.96377
0 0.5638324607329843 0.82202 0.6489947643979057 1.0
0 0.7553769633507853 0.53631 0.9084502617801048 0.92238
0 0.8150104712041886 0.2091 1.0 0.69108
0 0.4619895287958115 0.49371 0.5506596858638744 0.74576
0 0.2721675392670157 0.50895 0.3252094240837696 0.6450499999999999
0 0.3006701570680628 0.55087 0.3502879581151832 0.68098
0 0.3414240837696335 0.59333 0.413565445026178 0.8072699999999999
0 0.40754973821989526 0.63797 0.4811151832460733 0.8230599999999999
0 0.4824293193717278 0.74493 0.582303664921466 0.95528
0 0.5135549738219896 0.7684500000000001 0.581958115183246 0.96377
0 0.5638324607329843 0.82202 0.6489947643979057 1.0
0 0.7553769633507853 0.53631 0.9084502617801048 0.92238
0 0.8150104712041886 0.2091 1.0 0.69108
