0 0.011923828125 0.645390625 0.1182421875 0.8132812500000001
0 0.247109375 0.45329427083333335 0.327001953125 0.603203125
0 0.3069140625 0.43096354166666667 0.404990234375 0.5968229166666666
0 0.37962890625 0.4233072916666667 0.46048828125 0.5923567708333334
0 0.59396484375 0.3882291666666667 0.670517578125 0.548984375
0 0.68314453125 0.34248697916666665 0.789833984375 0.5262109375
0 0.879775390625 0.3641796875 0.97498046875 0.5338541666666666
0 0.8054296875 0.5304817708333334 0.92791015625 0.726953125
0 0.91015625 0.5783203124999999 1.0 0.7703255208333334
0 0.062763671875 0.4159244791666667 0.1405078125 0.5523567708333333
0 0.056845703125 0.6008203125 0.15884765625 0.7837760416666667
0 0.185107421875 0.3131510416666667 0.304228515625 0.4981380208333333
0 0.011923828125 0.645390625 0.1182421875 0.8132812500000001
0 0.247109375 0.45329427083333335 0.327001953125 0.603203125
0 0.3069140625 0.43096354166666667 0.404990234375 0.5968229166666666
0 0.37962890625 0.4233072916666667 0.46048828125 0.5923567708333334
0 0.59396484375 0.3882291666666667 0.670517578125 0.548984375
0 0.68314453125 0.34248697916666665 0.789833984375 0.5262109375
0 0.879775390625 0.3641796875 0.97498046875 0.5338541666666666
0 0.8054296875 0.5304817708333334 0.92791015625 0.726953125
0 0.91015625 0.5783203124999999 1.0 0.7703255208333334
0 0.062763671875 0.4159244791666667 0.1405078125 0.5523567708333333
0 0.056845703125 0.6008203125 0.15884765625 0.7837760416666667
0 0.185107421875 0.3131510416666667 0.304228515625 0.4981380208333333
