0 0.58823 0.7201866666666666 0.64637 0.8453333333333334
0 0.64748 0.6950799999999999 0.70175 0.7847866666666667
0 0.68483 0.6877066666666666 0.72584 0.7519333333333333
0 0.63309 0.6537466666666667 0.67877 0.7113333333333334
0 0.6598999999999999 0.7534666666666667 0.7059 0.8283466666666667
0 0.85175 0.7088533333333333 0.8988200000000001 0.767
0 0.8535900000000001 0.7322399999999999 0.89951 0.791
0 0.87664 0.7227066666666666 0.91289 0.77684
0 0.94023 0.6810533333333334 0.96974 0.71648
0 0.37060000000000004 0.5346666666666666 0.44963 0.6151466666666667
0 0.40126 0.5320933333333333 0.46970999999999996 0.61848
0 0.9452999999999999 0.6616533333333333 0.9769500000000001 0.6976000000000001
0 0.12326000000000001 0.5089866666666667 0.21031 0.6091066666666667
0 0.0521 0.6536666666666666 0.11788 0.7360666666666666
0 0.06937 0.7515733333333333 0.14712 0.8831333333333333
0 0.13615 0.76752 0.20990999999999999 0.8884533333333334
0 0.19828 0.7063866666666666 0.24712 0.7980799999999999
0 0.20990999999999999 0.66032 0.25908 0.7307466666666665
0 0.24214 0.6864533333333334 0.2943 0.76664
0 0.26439999999999997 0.71348 0.31922 0.80296
0 0.36307 0.756 0.42387 0.8432666666666667
0 0.2927 0.6006933333333333 0.34254 0.6689066666666666
0 0.36573 0.6620933333333333 0.43218 0.7591066666666667
0 0.41391 0.7218933333333333 0.46308 0.80872
0 0.45411 0.7010666666666666 0.51424 0.8016266666666667
0 0.51889 0.6997466666666666 0.56939 0.7932133333333333
0 0.56448 0.7334400000000001 0.62207 0.8279466666666667
0 0.58823 0.7201866666666666 0.64637 0.8453333333333334
0 0.64748 0.6950799999999999 0.70175 0.7847866666666667
0 0.68483 0.6877066666666666 0.72584 0.7519333333333333
0 0.63309 0.6537466666666667 0.67877 0.7113333333333334
0 0.6598999999999999 0.7534666666666667 0.7059 0.8283466666666667
0 0.85175 0.7088533333333333 0.8988200000000001 0.767
0 0.8535900000000001 0.7322399999999999 0.89951 0.791
0 0.87664 0.7227066666666666 0.91289 0.77684
0 0.94023 0.6810533333333334 0.96974 0.71648
0 0.37060000000000004 0.5346666666666666 0.44963 0.6151466666666667
0 0.40126 0.5320933333333333 0.46970999999999996 0.61848
0 0.9452999999999999 0.6616533333333333 0.9769500000000001 0.6976000000000001
0 0.12326000000000001 0.5089866666666667 0.21031 0.6091066666666667
0 0.0521 0.6536666666666666 0.11788 0.7360666666666666
0 0.06937 0.7515733333333333 0.14712 0.8831333333333333
0 0.13615 0.76752 0.20990999999999999 0.8884533333333334
0 0.19828 0.7063866666666666 0.24712 0.7980799999999999
0 0.20990999999999999 0.66032 0.25908 0.7307466666666665
0 0.24214 0.6864533333333334 0.2943 0.76664
0 0.26439999999999997 0.71348 0.31922 0.80296
0 0.36307 0.756 0.42387 0.8432666666666667
0 0.2927 0.6006933333333333 0.34254 0.6689066666666666
0 0.36573 0.6620933333333333 0.43218 0.7591066666666667
0 0.41391 0.7218933333333333 0.46308 0.80872
0 0.45411 0.7010666666666666 0.51424 0.8016266666666667
0 0.51889 0.6997466666666666 0.56939 0.7932133333333333
0 0.56448 0.7334400000000001 0.62207 0.8279466666666667
