0 0.4656363636363637 0.26728813559322034 0.6016363636363636 0.45995157384987895
0 0.2926 0.30673123486682813 0.38281818181818184 0.44123486682808716
0 0.3114545454545455 0.15268765133171913 0.4076545454545455 0.30898305084745764
0 0.29145454545454547 0.47694915254237286 0.3860909090909091 0.6204842615012106
0 0.27192727272727274 0.5295883777239709 0.32741818181818183 0.626319612590799
0 0.3091090909090909 0.5957869249394673 0.362 0.6750847457627118
0 0.38029090909090907 0.49213075060532685 0.4661090909090909 0.6316707021791768
0 0.4621272727272727 0.4620096852300242 0.5542545454545454 0.6427360774818401
0 0.4707636363636364 0.422590799031477 0.5406181818181818 0.5297820823244552
0 0.535490909090909 0.29920096852300243 0.6408727272727273 0.4841888619854722
0 0.5915454545454546 0.27239709443099275 0.7232727272727273 0.4407990314769976
0 0.6227272727272727 0.5720823244552058 0.7468727272727272 0.7734140435835352
0 0.9534727272727272 0.45322033898305086 0.9956181818181818 0.5277966101694915
0 0.12481818181818183 0.4890072639225182 0.1728909090909091 0.5630266343825666
0 0.4656363636363637 0.26728813559322034 0.6016363636363636 0.45995157384987895
0 0.2926 0.30673123486682813 0.38281818181818184 0.44123486682808716
0 0.3114545454545455 0.15268765133171913 0.4076545454545455 0.30898305084745764
0 0.29145454545454547 0.47694915254237286 0.3860909090909091 0.6204842615012106
0 0.27192727272727274 0.5295883777239709 0.32741818181818183 0.626319612590799
0 0.3091090909090909 0.5957869249394673 0.362 0.6750847457627118
0 0.38029090909090907 0.49213075060532685 0.4661090909090909 0.6316707021791768
0 0.4621272727272727 0.4620096852300242 0.5542545454545454 0.6427360774818401
0 0.4707636363636364 0.422590799031477 0.5406181818181818 0.5297820823244552
0 0.535490909090909 0.29920096852300243 0.6408727272727273 0.4841888619854722
0 0.5915454545454546 0.27239709443099275 0.7232727272727273 0.4407990314769976
0 0.6227272727272727 0.5720823244552058 0.7468727272727272 0.7734140435835352
0 0.9534727272727272 0.45322033898305086 0.9956181818181818 0.5277966101694915
0 0.12481818181818183 0.4890072639225182 0.1728909090909091 0.5630266343825666
