0 0.1074 0.38680000000000003 0.2305 0.5207499999999999
0 0.19223333333333334 0.47054999999999997 0.30265000000000003 0.60195
0 0.8620166666666668 0.65445 0.9413333333333332 0.7439666666666667
0 0.8724666666666667 0.6270666666666667 0.9604833333333332 0.7249
0 0.6848500000000001 0.42613333333333336 0.8088166666666667 0.5313333333333333
0 0.7735666666666666 0.39268333333333333 0.91785 0.5514333333333333
0 0.8654333333333333 0.4562833333333333 0.9435666666666667 0.5624166666666667
0 0.7017666666666666 0.6817666666666666 0.7971333333333332 0.7918333333333334
0 0.4711166666666667 0.4448 0.6252833333333334 0.6082666666666666
0 0.40776666666666667 0.3969666666666667 0.5016833333333334 0.50815
0 0.34973333333333334 0.46935000000000004 0.44586666666666663 0.6071166666666666
0 0.7980499999999999 0.6538333333333334 0.8875833333333333 0.7639666666666667
0 0.11128333333333333 0.6561833333333333 0.3001 0.9253666666666667
0 0.5724166666666667 0.5895833333333333 0.6805 0.7455499999999999
0 0.1074 0.38680000000000003 0.2305 0.5207499999999999
0 0.19223333333333334 0.47054999999999997 0.30265000000000003 0.60195
0 0.8620166666666668 0.65445 0.9413333333333332 0.7439666666666667
0 0.8724666666666667 0.6270666666666667 0.9604833333333332 0.7249
0 0.6848500000000001 0.42613333333333336 0.8088166666666667 0.5313333333333333
0 0.7735666666666666 0.39268333333333333 0.91785 0.5514333333333333
0 0.8654333333333333 0.4562833333333333 0.9435666666666667 0.5624166666666667
0 0.7017666666666666 0.6817666666666666 0.7971333333333332 0.7918333333333334
0 0.4711166666666667 0.4448 0.6252833333333334 0.6082666666666666
0 0.40776666666666667 0.3969666666666667 0.5016833333333334 0.50815
0 0.34973333333333334 0.46935000000000004 0.44586666666666663 0.6071166666666666
0 0.7980499999999999 0.6538333333333334 0.8875833333333333 0.7639666666666667
0 0.11128333333333333 0.6561833333333333 0.3001 0.9253666666666667
0 0.5724166666666667 0.5895833333333333 0.6805 0.7455499999999999
