0 0.24880025940337222 0.569496487119438 0.36326199740596626 0.8687939110070259
0 0.19415045395590141 0.42588992974238876 0.30149156939040206 0.7951522248243559
0 0.25057068741893646 0.20515222482435597 0.3584695201037613 0.5275761124121779
0 0.5398767833981842 0.2501639344262295 0.649396887159533 0.5818735362997658
0 0.682023346303502 0.42240046838407497 0.7649481193255512 0.7126697892271663
0 0.5848573281452659 0.3386182669789227 0.6942347600518807 0.63807962529274
0 0.3298119325551232 0.46692037470725994 0.44936446173800254 0.7715807962529273
0 0.24880025940337222 0.569496487119438 0.36326199740596626 0.8687939110070259
0 0.19415045395590141 0.42588992974238876 0.30149156939040206 0.7951522248243559
0 0.25057068741893646 0.20515222482435597 0.3584695201037613 0.5275761124121779
0 0.5398767833981842 0.2501639344262295 0.649396887159533 0.5818735362997658
0 0.682023346303502 0.42240046838407497 0.7649481193255512 0.7126697892271663
0 0.5848573281452659 0.3386182669789227 0.6942347600518807 0.63807962529274
0 0.3298119325551232 0.46692037470725994 0.44936446173800254 0.7715807962529273
