0 0.7552660300136426 0.27735334242837656 0.866261937244202 0.3960027285129604
0 0.03844474761255116 0.27987721691678036 0.1806412005457026 0.38308321964529335
0 0.057844474761255114 0.30789904502046384 0.24474761255115962 0.4973669849931787
0 0.04954979536152797 0.3949795361527967 0.24226466575716235 0.5557298772169168
0 0.06933151432469305 0.5423328785811732 0.22251023192360164 0.6884174624829468
0 0.08847203274215552 0.5984720327421555 0.2818144611186903 0.8663847203274215
0 0.3334242837653479 0.6616234652114598 0.4527694406548431 0.8395907230559344
0 0.523287858117326 0.6783356070941338 0.6200136425648022 0.8359618008185539
0 0.6787175989085948 0.5950204638472032 0.835006821282401 0.8259481582537517
0 0.5511323328785812 0.47062755798090045 0.6978581173260573 0.7149522510231923
0 0.5542974079126876 0.40173260572987723 0.7074215552523874 0.5312278308321964
0 0.47968622100954983 0.3200818553888131 0.5492223738062756 0.4087585266030014
0 0.6072714870395635 0.28500682128240107 0.7272032742155524 0.4017462482946794
0 0.8184174624829468 0.4202455661664393 0.9581173260572987 0.5580218281036835
0 0.8228785811732605 0.6173533424283765 1.0 0.9216234652114597
0 0.7552660300136426 0.27735334242837656 0.866261937244202 0.3960027285129604
0 0.03844474761255116 0.27987721691678036 0.1806412005457026 0.38308321964529335
0 0.057844474761255114 0.30789904502046384 0.24474761255115962 0.4973669849931787
0 0.04954979536152797 0.3949795361527967 0.24226466575716235 0.5557298772169168
0 0.06933151432469305 0.5423328785811732 0.22251023192360164 0.6884174624829468
0 0.08847203274215552 0.5984720327421555 0.2818144611186903 0.8663847203274215
0 0.3334242837653479 0.6616234652114598 0.4527694406548431 0.8395907230559344
0 0.523287858117326 0.6783356070941338 0.6200136425648022 0.8359618008185539
0 0.6787175989085948 0.5950204638472032 0.835006821282401 0.8259481582537517
0 0.5511323328785812 0.47062755798090045 0.6978581173260573 0.7149522510231923
0 0.5542974079126876 0.40173260572987723 0.7074215552523874 0.5312278308321964
0 0.47968622100954983 0.3200818553888131 0.5492223738062756 0.4087585266030014
0 0.6072714870395635 0.28500682128240107 0.7272032742155524 0.4017462482946794
0 0.8184174624829468 0.4202455661664393 0.9581173260572987 0.5580218281036835
0 0.8228785811732605 0.6173533424283765 1.0 0.9216234652114597
