0 0.5021875 0.6511875 0.6839375000000001 0.8590312499999999
0 0.45376562500000006 0.648 0.5786875 0.8016249999999999
0 0.712515625 0.685625 0.926859375 0.9497500000000001
0 0.339625 0.414953125 0.461890625 0.576546875
0 0.113578125 0.628953125 0.167109375 0.706109375
0 0.01165625 0.616703125 0.05890625000000001 0.6724375
0 0.553859375 0.53046875 0.7106250000000001 0.6934375
0 0.5021875 0.6511875 0.6839375000000001 0.8590312499999999
0 0.45376562500000006 0.648 0.5786875 0.8016249999999999
0 0.712515625 0.685625 0.926859375 0.9497500000000001
0 0.339625 0.414953125 0.461890625 0.576546875
0 0.113578125 0.628953125 0.167109375 0.706109375
0 0.01165625 0.616703125 0.05890625000000001 0.6724375
0 0.553859375 0.53046875 0.7106250000000001 0.6934375
