0 0.6981625 0.5059555555555556 0.84759375 0.7859333333333334
0 0.82403125 0.4729888888888889 0.9827625000000001 0.8202111111111112
0 0.83085625 0.31536666666666663 0.99268125 0.6328222222222222
0 0.737875 0.13899999999999998 0.8984375 0.48512222222222223
0 0.60515625 0.5026444444444444 0.71883125 0.7717888888888889
0 0.46924374999999996 0.5273333333333333 0.5464375 0.6997111111111112
0 0.52155625 0.4661111111111111 0.5929375 0.5928444444444444
0 0.5866625 0.6782777777777779 0.7200187499999999 0.9584444444444444
0 0.6981625 0.5059555555555556 0.84759375 0.7859333333333334
0 0.82403125 0.4729888888888889 0.9827625000000001 0.8202111111111112
0 0.83085625 0.31536666666666663 0.99268125 0.6328222222222222
0 0.737875 0.13899999999999998 0.8984375 0.48512222222222223
0 0.60515625 0.5026444444444444 0.71883125 0.7717888888888889
0 0.46924374999999996 0.5273333333333333 0.5464375 0.6997111111111112
0 0.52155625 0.4661111111111111 0.5929375 0.5928444444444444
0 0.5866625 0.6782777777777779 0.7200187499999999 0.9584444444444444
