0 0.18894999999999998 0.63995 0.39436 0.87533
0 0.55415 0.60952 0.74042 0.83917
0 0.48621 0.32419 0.6374 0.49387000000000003
0 0.40195 0.39787 0.5505800000000001 0.56308
0 0.6494500000000001 0.37873 0.8287 0.58286
0 0.8102 0.5126900000000001 0.96585 0.64473
0 0.18894999999999998 0.63995 0.39436 0.87533
0 0.55415 0.60952 0.74042 0.83917
0 0.48621 0.32419 0.6374 0.49387000000000003
0 0.40195 0.39787 0.5505800000000001 0.56308
0 0.6494500000000001 0.37873 0.8287 0.58286
0 0.8102 0.5126900000000001 0.96585 0.64473
