0 0.0568798828125 0.7585069444444444 0.1278955078125 0.9033680555555557
0 0.3632470703125 0.6561024305555556 0.4010400390625 0.7303038194444444
0 0.3529443359375 0.7063107638888888 0.390947265625 0.7986024305555556
0 0.385341796875 0.6841666666666666 0.4254150390625 0.7668489583333333
0 0.40361328125 0.7107378472222222 0.4441064453125 0.8004427083333333
0 0.29185546875 0.5148697916666667 0.3636181640625 0.6074479166666666
0 0.42587890625 0.6022569444444444 0.46263671875 0.6676215277777778
0 0.4804443359375 0.660078125 0.52958984375 0.7591319444444444
0 0.4794091796875 0.7551302083333333 0.5238818359375 0.8415711805555556
0 0.514189453125 0.7182118055555555 0.5543359375 0.807734375
0 0.546201171875 0.69421875 0.59119140625 0.8025086805555556
0 0.595517578125 0.7022222222222223 0.6360107421875 0.7935850694444445
0 0.630126953125 0.7265190972222223 0.6725244140625 0.8283506944444444
0 0.648642578125 0.7191406250000001 0.6910400390625 0.8381944444444445
0 0.6785791015625 0.6545399305555555 0.71474609375 0.7114496527777778
0 0.6891357421875 0.6926822916666667 0.7348193359375 0.7874305555555555
0 0.71353515625 0.6865277777777777 0.7490087890625 0.7508246527777778
0 0.699599609375 0.7622222222222222 0.734521484375 0.8273350694444445
0 0.8439013671875 0.7101736111111111 0.8773583984375 0.7652951388888889
0 0.8461962890625 0.7295052083333333 0.8800830078125 0.7900086805555556
0 0.863232421875 0.7164322916666667 0.8894580078125 0.7730902777777778
0 0.90365234375 0.654765625 0.9208349609375 0.6836024305555556
0 0.9146484375 0.6614930555555555 0.9396435546875 0.6973784722222223
0 0.909599609375 0.6819965277777778 0.933271484375 0.7168229166666666
0 0.96818359375 0.73609375 0.990771484375 0.7773177083333334
0 0.9460693359375 0.7709809027777778 0.9743115234375 0.8239583333333333
0 0.2553759765625 0.7515104166666666 0.3179443359375 0.8817447916666666
0 0.2444140625 0.6456336805555556 0.295517578125 0.7377777777777778
0 0.150244140625 0.6456336805555556 0.212041015625 0.7470833333333333
0 0.305986328125 0.7723350694444444 0.36205078125 0.8870659722222222
0 0.0568798828125 0.7585069444444444 0.1278955078125 0.9033680555555557
0 0.3632470703125 0.6561024305555556 0.4010400390625 0.7303038194444444
0 0.3529443359375 0.7063107638888888 0.390947265625 0.7986024305555556
0 0.385341796875 0.6841666666666666 0.4254150390625 0.7668489583333333
0 0.40361328125 0.7107378472222222 0.4441064453125 0.8004427083333333
0 0.29185546875 0.5148697916666667 0.3636181640625 0.6074479166666666
0 0.42587890625 0.6022569444444444 0.46263671875 0.6676215277777778
0 0.4804443359375 0.660078125 0.52958984375 0.7591319444444444
0 0.4794091796875 0.7551302083333333 0.5238818359375 0.8415711805555556
0 0.514189453125 0.7182118055555555 0.5543359375 0.807734375
0 0.546201171875 0.69421875 0.59119140625 0.8025086805555556
0 0.595517578125 0.7022222222222223 0.6360107421875 0.7935850694444445
0 0.630126953125 0.7265190972222223 0.6725244140625 0.8283506944444444
0 0.648642578125 0.7191406250000001 0.6910400390625 0.8381944444444445
0 0.6785791015625 0.6545399305555555 0.71474609375 0.7114496527777778
0 0.6891357421875 0.6926822916666667 0.7348193359375 0.7874305555555555
0 0.71353515625 0.6865277777777777 0.7490087890625 0.7508246527777778
0 0.699599609375 0.7622222222222222 0.734521484375 0.8273350694444445
0 0.8439013671875 0.7101736111111111 0.8773583984375 0.7652951388888889
0 0.8461962890625 0.7295052083333333 0.8800830078125 0.7900086805555556
0 0.863232421875 0.7164322916666667 0.8894580078125 0.7730902777777778
0 0.90365234375 0.654765625 0.9208349609375 0.6836024305555556
0 0.9146484375 0.6614930555555555 0.9396435546875 0.6973784722222223
0 0.909599609375 0.6819965277777778 0.933271484375 0.7168229166666666
0 0.96818359375 0.73609375 0.990771484375 0.7773177083333334
0 0.9460693359375 0.7709809027777778 0.9743115234375 0.8239583333333333
0 0.2553759765625 0.7515104166666666 0.3179443359375 0.8817447916666666
0 0.2444140625 0.6456336805555556 0.295517578125 0.7377777777777778
0 0.150244140625 0.6456336805555556 0.212041015625 0.7470833333333333
0 0.305986328125 0.7723350694444444 0.36205078125 0.8870659722222222
