0 0.45724375 0.5281833333333333 0.6398125 0.8037583333333334
0 0.525875 0.45557500000000006 0.637375 0.6207916666666667
0 0.61773125 0.4613166666666667 0.721075 0.658425
0 0.72891875 0.41491666666666666 0.89115 0.6350166666666667
0 0.8485250000000001 0.5016916666666666 0.98061875 0.7645083333333333
0 0.75528125 0.5941916666666667 0.866275 0.7683333333333333
0 0.078825 0.17331666666666665 0.17318124999999998 0.359375
0 0.085425 0.46296666666666664 0.26041875000000003 0.750475
0 0.163275 0.436325 0.306575 0.6714833333333333
0 0.12103125 0.599675 0.27699999999999997 0.799975
0 0.45724375 0.5281833333333333 0.6398125 0.8037583333333334
0 0.525875 0.45557500000000006 0.637375 0.6207916666666667
0 0.61773125 0.4613166666666667 0.721075 0.658425
0 0.72891875 0.41491666666666666 0.89115 0.6350166666666667
0 0.8485250000000001 0.5016916666666666 0.98061875 0.7645083333333333
0 0.75528125 0.5941916666666667 0.866275 0.7683333333333333
0 0.078825 0.17331666666666665 0.17318124999999998 0.359375
0 0.085425 0.46296666666666664 0.26041875000000003 0.750475
0 0.163275 0.436325 0.306575 0.6714833333333333
0 0.12103125 0.599675 0.27699999999999997 0.799975
