0 0.266478125 0.5251222222222223 0.01634374999999999 0.0480666666666667
0 0.444640625 0.6797222222222222 0.03879375000000007 0.10075555555555571
0 0.47520625 0.5871777777777778 0.03322499999999995 0.06755555555555559
0 0.59305 0.44782222222222223 0.05295000000000005 0.1277333333333333
0 0.290675 0.5362888888888889 0.023075000000000012 0.06357777777777773
0 0.30339374999999996 0.42541666666666667 0.03143750000000001 0.08125555555555553
0 0.3035125 0.5036055555555555 0.027974999999999972 0.06998888888888888
0 0.5656375 0.4625888888888889 0.037587499999999996 0.08933333333333338
0 0.436571875 0.4073388888888889 0.03713125000000006 0.10410000000000003
0 0.7710468749999999 0.49131111111111114 0.05086874999999991 0.13953333333333334
0 0.787565625 0.7228333333333333 0.04310625000000001 0.1213777777777778
0 0.827359375 0.7499055555555556 0.04784374999999996 0.14485555555555552
0 0.805759375 0.80745 0.06304375000000007 0.17365555555555567
0 0.9688125000000001 0.8450555555555556 0.06237499999999996 0.2161777777777778
0 0.503475 0.6198611111111112 0.03735000000000005 0.08869999999999989
0 0.401875 0.5947222222222222 0.02523750000000008 0.08886666666666676
0 0.416809375 0.5928166666666668 0.03215625 0.08485555555555557
0 0.21423124999999998 0.7224722222222222 0.021024999999999988 0.053411111111110965
0 0.51418125 0.7270166666666666 0.043512499999999954 0.1451444444444444
0 0.466671875 0.7951611111111111 0.030731249999999988 0.08638888888888885
0 0.373721875 0.7668333333333334 0.03129375000000001 0.09433333333333338
0 0.52675 0.5474388888888889 0.03513749999999993 0.08598888888888889
0 0.247334375 0.7190555555555556 0.020668750000000014 0.07048888888888893
0 0.22973125 0.6746222222222222 0.022475000000000023 0.060244444444444434
