0 0.3143369565217391 0.8105882352941176 0.03908695652173916 0.14781176470588242
0 0.3584836956521739 0.8026235294117647 0.048250000000000015 0.14407058823529417
0 0.43286413043478256 0.8009411764705883 0.05266304347826084 0.17990588235294114
0 0.4806521739130435 0.6658117647058823 0.08347826086956522 0.25764705882352945
0 0.4875869565217391 0.8235294117647058 0.05952173913043479 0.17769411764705878
0 0.6642826086956521 0.4208705882352941 0.06747826086956521 0.20790588235294116
0 0.7341684782608695 0.5595882352941176 0.0807717391304349 0.27399999999999997
0 0.7486956521739131 0.7792117647058824 0.10884782608695653 0.25908235294117654
0 0.08964673913043478 0.8611764705882353 0.033010869565217385 0.11515294117647068
0 0.11404347826086958 0.7387058823529412 0.03182608695652174 0.10282352941176476
