0 0.9388828124999999 0.7643645833333333 0.11529687499999997 0.2232708333333333
0 0.165171875 0.7765416666666667 0.09521875000000002 0.19966666666666666
0 0.232390625 0.7101979166666665 0.1176875 0.2468541666666667
0 0.1746328125 0.32959375 0.10804687500000001 0.21635416666666665
0 0.3970625 0.44426041666666666 0.10668750000000005 0.2003125
0 0.4708359375 0.6714166666666667 0.10239062500000007 0.20604166666666668
0 0.543078125 0.7374479166666666 0.11290624999999999 0.21943749999999995
0 0.6935312499999999 0.3901875 0.14193749999999994 0.28333333333333327
0 0.7325468749999999 0.5939479166666667 0.15293750000000006 0.2746458333333333
0 0.0636015625 0.7966979166666667 0.113390625 0.25706249999999997
0 0.8594921874999999 0.8496458333333334 0.12445312499999994 0.22775
