0 0.6908873456790123 0.6273553719008265 0.04779320987654323 0.09074380165289253
0 0.7470428240740741 0.6747029958677686 0.05215663580246921 0.105211776859504
0 0.802716049382716 0.6338403925619833 0.030000000000000027 0.04699896694214878
0 0.7820466820987655 0.6190625000000001 0.041485339506172836 0.07299070247933892
0 0.7910667438271606 0.6201239669421488 0.037017746913580285 0.05661157024793384
0 0.12127893518518518 0.4123011363636363 0.14065200617283952 0.3697262396694214
0 0.2417457561728395 0.4637422520661157 0.13092978395061727 0.2128047520661157
0 0.28148341049382714 0.3986776859504132 0.10634645061728396 0.20668388429752066
0 0.514338348765432 0.6525154958677686 0.09231095679012341 0.166559917355372
0 0.5753838734567902 0.7098811983471074 0.08007330246913591 0.15371900826446294
0 0.6255111882716049 0.6728047520661158 0.07609953703703709 0.14574380165289258
0 0.6202179783950617 0.5419034090909091 0.08470293209876545 0.1213791322314049
