0 0.14678645833333331 0.5126527777777778 0.10434374999999999 0.1421944444444444
0 0.20354166666666668 0.6171180555555555 0.09206249999999999 0.14884722222222224
0 0.2543697916666667 0.7353958333333334 0.09073958333333335 0.16390277777777773
0 0.3424166666666667 0.7360555555555556 0.0854166666666667 0.1483888888888889
0 0.39060937500000004 0.7666249999999999 0.06744791666666666 0.11827777777777781
0 0.14830208333333333 0.4140972222222222 0.05462499999999998 0.09302777777777771
0 0.4847916666666666 0.6490138888888889 0.06977083333333328 0.11872222222222217
0 0.5597135416666666 0.5734791666666668 0.06080208333333337 0.09701388888888884
0 0.6014114583333333 0.5504444444444445 0.0677812499999999 0.08902777777777782
0 0.6085520833333333 0.7298541666666667 0.05614583333333334 0.11562499999999998
0 0.86565625 0.7193819444444445 0.03931249999999997 0.06276388888888873
0 0.22997395833333334 0.45650694444444445 0.07059375000000004 0.09340277777777783
