0 0.7727333333333333 0.5682277777777778 0.08671666666666666 0.1497222222222222
0 0.47279999999999994 0.72165 0.08281666666666665 0.1939222222222221
0 0.05190416666666666 0.66915 0.10380833333333332 0.24878888888888895
0 0.17959583333333334 0.5839277777777778 0.09807500000000002 0.19392222222222222
0 0.16691666666666666 0.786461111111111 0.11099999999999999 0.14990000000000003
0 0.32391666666666663 0.6995277777777777 0.09736666666666666 0.18827777777777777
0 0.40055416666666666 0.7324944444444444 0.08185833333333326 0.14798888888888895
0 0.8941625 0.4187166666666666 0.06379166666666658 0.10410000000000003
0 0.4902833333333333 0.6282 0.07463333333333333 0.15373333333333328
0 0.5261666666666667 0.6227722222222223 0.08419999999999994 0.16203333333333336
0 0.5652791666666668 0.5760666666666667 0.06644166666666662 0.11606666666666676
0 0.6601 0.5786388888888889 0.08671666666666655 0.11650000000000005
0 0.7290416666666666 0.6094222222222222 0.07574999999999998 0.15593333333333326
0 0.7720666666666667 0.43533333333333335 0.060799999999999965 0.10277777777777775
0 0.9436708333333333 0.4198222222222222 0.058475000000000055 0.10808888888888896
0 0.8238958333333333 0.5713277777777778 0.059474999999999945 0.1063222222222222
