0 0.56779 0.42094452773613195 0.05465999999999993 0.09922038980509751
0 0.17094499999999999 0.10568215892053973 0.055889999999999995 0.10446776611694153
0 0.18338500000000002 0.06746626686656672 0.05022999999999997 0.07088455772113944
0 0.33791000000000004 0.07547976011994004 0.05785999999999997 0.09377811094452775
0 0.2197 0.3980509745127436 0.05884 0.11259370314842587
0 0.113335 0.39983508245877064 0.04945000000000002 0.09937031484257869
0 0.202145 0.5464842578710645 0.06501000000000001 0.13866566716641682
0 0.36572000000000005 0.5958770614692654 0.08900000000000002 0.18074962518740623
0 0.33203499999999997 0.6834857571214392 0.08439000000000002 0.14352323838080971
0 0.44088499999999997 0.6688680659670165 0.08934999999999998 0.1536281859070464
0 0.45930499999999996 0.6986356821589205 0.08300999999999997 0.1313043478260869
0 0.524205 0.6369715142428786 0.09077000000000007 0.17277361319340323
0 0.51641 0.7212218890554722 0.07446000000000003 0.138215892053973
0 0.46585 0.7666941529235383 0.07830000000000004 0.12049475262368825
0 0.5493250000000001 0.7729010494752624 0.06855 0.14796101949025486
0 0.39218 0.459880059970015 0.06697999999999998 0.11886056971514236
0 0.437245 0.43946776611694155 0.04628999999999994 0.08676161919040482
0 0.442905 0.47786356821589204 0.06501000000000001 0.10595202398800607
0 0.44369 0.33828335832083956 0.057620000000000005 0.11383808095952025
0 0.550505 0.39104197901049476 0.053769999999999984 0.11296851574212896
0 0.5757749999999999 0.44841079460269867 0.05645 0.10542728635682164
0 0.6497700000000001 0.608103448275862 0.07265999999999995 0.1599250374812593
0 0.6420999999999999 0.4654647676161919 0.06263999999999992 0.10499250374812596
0 0.6400349999999999 0.38682908545727135 0.0650099999999999 0.1284707646176912
0 0.69632 0.44818590704647676 0.05526000000000009 0.09169415292353822
0 0.67623 0.23223388305847076 0.06884000000000001 0.09214392803598201
0 0.751725 0.3416491754122939 0.06204999999999994 0.11784107946026984
0 0.790425 0.4552773613193403 0.06855000000000011 0.12269865067466268
0 0.806385 0.34806596701649173 0.05554999999999999 0.11739130434782613
0 0.842875 0.3155097451274363 0.05228999999999995 0.08859070464767616
0 0.86031 0.2364392803598201 0.05052000000000012 0.09080959520239881
0 0.9133450000000001 0.14850824587706146 0.060269999999999935 0.106311844077961
