0 0.6265400000000001 0.43428772919605074 0.05715999999999999 0.1262623413258111
0 0.07207999999999999 0.38840620592383635 0.09233999999999999 0.13396332863187593
0 0.09675 0.42105782792665725 0.07164 0.12392101551480961
0 0.030405 0.6151763046544428 0.06081 0.11997179125528912
0 0.051115 0.6208956276445697 0.05761000000000001 0.0900846262341326
0 0.07074 0.5795486600846262 0.06545999999999999 0.090070521861777
0 0.09495500000000001 0.6459943582510579 0.08509000000000001 0.12699576868829332
0 0.08659 0.6980465444287729 0.06256 0.1092665726375176
0 0.15215499999999998 0.6076022566995769 0.05338999999999999 0.08933709449929472
0 0.19063 0.6181241184767278 0.05706 0.09856135401974608
0 0.207365 0.5227009873060648 0.056030000000000024 0.12108603667136808
0 0.22647499999999998 0.6087165021156558 0.05761000000000002 0.11074753173483776
0 0.191075 0.7457052186177715 0.08510999999999999 0.18737658674188995
0 0.16541 0.8626939351198871 0.06657999999999997 0.1315655853314528
0 0.165885 0.9118758815232721 0.09579 0.14485190409026805
0 0.37423 0.5140479548660084 0.09714 0.14928067700987302
0 0.40654999999999997 0.5695627644569817 0.08332 0.14428772919605076
0 0.35656 0.6468335684062059 0.09829999999999994 0.14486600846262332
0 0.456 0.6615373765867418 0.09360000000000002 0.15726375176304652
0 0.428955 0.6758462623413257 0.06973000000000001 0.15327221438645988
0 0.5542750000000001 0.6809449929478139 0.08416999999999997 0.18739069111424533
0 0.563805 0.40667842031029616 0.08139000000000007 0.12181946403385047
0 0.6073200000000001 0.3480394922425952 0.07223999999999997 0.12270803949224257
0 0.65035 0.4211283497884344 0.07977999999999996 0.1289139633286318
0 0.7177149999999999 0.3438293370944993 0.07381000000000004 0.116064880112835
0 0.73468 0.36819464033850496 0.06124000000000007 0.09746121297602262
0 0.773115 0.4683074753173484 0.07482999999999995 0.13201692524682646
0 0.81681 0.43751763046544423 0.059679999999999955 0.08372355430183359
0 0.842565 0.5097320169252468 0.07789000000000001 0.1120733427362482
0 0.82969 0.5591255289139634 0.052139999999999964 0.10011283497884349
0 0.72918 0.6562270803949224 0.06156000000000006 0.08018335684062061
0 0.76075 0.6726093088857545 0.045540000000000025 0.10942172073342737
0 0.7049949999999999 0.7689703808180537 0.10112999999999994 0.1630183356840621
0 0.642655 0.8068335684062058 0.07569000000000004 0.09346967559943586
0 0.675475 0.8254442877291961 0.08290999999999993 0.12093088857545842
0 0.7434700000000001 0.8143653032440057 0.07945999999999998 0.10410437235543013
0 0.908745 0.7095416078984484 0.07306999999999997 0.15104372355430196
0 0.897905 0.4637447108603667 0.05526999999999993 0.09036671368124122
0 0.9405650000000001 0.4769252468265162 0.05889 0.11334273624823699
0 0.973095 0.46455571227080394 0.05380999999999991 0.10188998589562764
0 0.95496 0.3824894217207334 0.05706 0.11702397743300424
0 0.9430000000000001 0.2723695345557123 0.09318000000000015 0.1406488011283498
0 0.921015 0.30781382228490833 0.07223000000000002 0.11334273624823699
