0 0.5636620370370371 0.49822085889570555 0.0438981481481483 0.1081595092024541
0 0.103125 0.6657361963190185 0.04550925925925925 0.10429447852760731
0 0.6021018518518518 0.6349846625766871 0.046796296296296225 0.0841717791411043
0 0.6196018518518518 0.6355444785276074 0.038555555555555565 0.09338957055214714
0 0.6641805555555556 0.5206058282208589 0.04160185185185172 0.09044478527607364
0 0.2803009259259259 0.78454754601227 0.05237962962962961 0.11197852760736193
0 0.214 0.7697776073619632 0.05348148148148146 0.11443251533742349
0 0.6788101851851851 0.589478527607362 0.042009259259259246 0.10736196319018398
0 0.014976851851851852 0.5467484662576687 0.029953703703703705 0.09475460122699397
0 0.13275 0.6431901840490797 0.040666666666666684 0.08828220858895708
0 0.7141759259259259 0.5330291411042944 0.05181481481481476 0.1199846625766871
0 0.9248287037037037 0.37993865030674845 0.06217592592592602 0.1376993865030675
0 0.7790370370370371 0.932622699386503 0.031074074074074032 0.053190184049079714
0 0.4413935185185185 0.9121165644171779 0.035657407407407415 0.08368098159509207
0 0.4275324074074074 0.3839187116564417 0.048675925925925956 0.10986196319018404
0 0.26649537037037035 0.6786963190184049 0.04271296296296298 0.09101226993865041
0 0.5127361111111111 0.46857361963190186 0.052953703703703725 0.13334355828220856
0 0.4845879629629629 0.5095858895705522 0.04389814814814813 0.1391717791411043
0 0.3786388888888889 0.6211886503067485 0.04066666666666663 0.10090490797546015
