0 0.215361328125 0.8203466076696165 0.04035156249999999 0.07352507374631267
0 0.98279296875 0.6032374631268437 0.03441406250000001 0.1384218289085546
0 0.970341796875 0.47975663716814154 0.050332031249999964 0.08187315634218284
0 0.9603759765625 0.40857669616519177 0.061240234374999925 0.12225663716814156
0 0.948623046875 0.8872713864306785 0.09150390625000004 0.15681415929203546
0 0.7821044921875 0.8699926253687316 0.07918945312499992 0.18393805309734523
0 0.5078515625 0.6754867256637169 0.06863281249999997 0.15522123893805306
0 0.446611328125 0.560929203539823 0.06371093750000001 0.1291740412979352
0 0.45417968750000004 0.6066445427728614 0.07109375000000001 0.1238495575221239
0 0.38190429687500005 0.48229351032448375 0.05597656249999999 0.07715339233038354
0 0.3454736328125 0.35558259587020646 0.06303710937500001 0.12066371681415927
0 0.304970703125 0.2952581120943953 0.03564453125 0.050250737463126804
0 0.3329833984375 0.46278761061946905 0.05125976562500001 0.09306784660766954
0 0.2886767578125 0.4790634218289085 0.05764648437500003 0.11290560471976402
0 0.2506884765625 0.5257817109144542 0.05403320312500001 0.111858407079646
0 0.3014990234375 0.570523598820059 0.061845703124999984 0.1280973451327434
0 0.27680664062500004 0.6481563421828909 0.04423828125000001 0.08306784660766953
0 0.2699609375 0.5977654867256637 0.039843749999999956 0.08638643067846596
0 0.2512109375 0.7788274336283185 0.04320312500000001 0.09443952802359878
