0 0.37084375 0.6011845861084681 0.09433333333333332 0.07152235965746911
0 0.38965104166666664 0.6480970504281636 0.07973958333333325 0.07510941960038064
0 0.2642395833333333 0.7983539486203617 0.15014583333333337 0.1403425309229306
0 0.433890625 0.8414129400570884 0.14723958333333326 0.13395813510941967
0 0.3716145833333333 0.8557659372026641 0.11814583333333334 0.11162702188392015
0 0.47084375 0.7709800190294958 0.1408333333333333 0.1281065651760228
0 0.581703125 0.8562987630827783 0.1286145833333333 0.1647954329210276
0 0.7163177083333334 0.7087821122740248 0.12569791666666663 0.11960038058991429
0 0.25506249999999997 0.56790675547098 0.0499583333333333 0.055623215984776486
0 0.024374999999999997 0.5517745004757373 0.048749999999999995 0.0458896289248335
