0 0.506324607329843 0.6197349999999999 0.08867015706806286 0.25205
0 0.29868848167539264 0.577 0.053041884816753926 0.1360999999999999
0 0.325479057591623 0.6159250000000001 0.04961780104712038 0.13011000000000006
0 0.37749476439790575 0.7002999999999999 0.07214136125654447 0.2139399999999999
0 0.44433246073298427 0.730515 0.07356544502617801 0.18508999999999987
0 0.5323664921465969 0.850105 0.09987434554973823 0.21035000000000004
0 0.5477565445026178 0.86611 0.06840314136125647 0.19531999999999994
0 0.606413612565445 0.91101 0.08516230366492139 0.17798000000000003
0 0.831913612565445 0.7293449999999999 0.1530732984293195 0.38607
0 0.9075052356020943 0.45009 0.18498952879581143 0.48198
