0 0.0650830078125 0.7293359375 0.106318359375 0.16789062500000007
0 0.2870556640625 0.5282486979166666 0.07989257812500003 0.1499088541666666
0 0.3559521484375 0.5138932291666667 0.098076171875 0.16585937499999998
0 0.42005859375 0.50783203125 0.08085937500000001 0.16904947916666668
0 0.6322412109375 0.46860677083333335 0.07655273437499999 0.1607552083333333
0 0.7364892578125 0.4343489583333333 0.106689453125 0.18372395833333338
0 0.9273779296875 0.4490169270833333 0.09520507812500001 0.16967447916666661
0 0.866669921875 0.6287174479166666 0.12248046874999996 0.1964713541666666
0 0.955078125 0.6743229166666667 0.08984375 0.19200520833333345
0 0.10163574218749999 0.484140625 0.077744140625 0.13643229166666665
0 0.1078466796875 0.6922981770833334 0.10200195312499999 0.1829557291666667
0 0.24466796875 0.40564453125 0.11912109374999996 0.18498697916666662
