0 0.6173 0.78276 0.05813999999999997 0.12514666666666674
0 0.674615 0.7399333333333333 0.05426999999999993 0.08970666666666682
0 0.705335 0.7198199999999999 0.04100999999999999 0.06422666666666677
0 0.65593 0.68254 0.04567999999999994 0.057586666666666675
0 0.6829 0.7909066666666666 0.04600000000000004 0.07487999999999995
0 0.8752850000000001 0.7379266666666666 0.047070000000000056 0.05814666666666668
0 0.87655 0.76162 0.04591999999999996 0.058760000000000145
0 0.894765 0.7497733333333333 0.036250000000000004 0.05413333333333337
0 0.954985 0.6987666666666668 0.029510000000000036 0.035426666666666606
0 0.410115 0.5749066666666667 0.07902999999999993 0.08048000000000011
0 0.435485 0.5752866666666667 0.06844999999999996 0.08638666666666672
0 0.961125 0.6796266666666667 0.03165000000000018 0.03594666666666679
0 0.16678500000000002 0.5590466666666667 0.08704999999999999 0.10011999999999999
0 0.08499 0.6948666666666666 0.06578 0.08240000000000003
0 0.10824500000000001 0.8173533333333334 0.07775 0.13156
0 0.17303 0.8279866666666666 0.07375999999999999 0.12093333333333345
0 0.2227 0.7522333333333333 0.048839999999999995 0.0916933333333333
0 0.23449499999999998 0.6955333333333333 0.04916999999999999 0.07042666666666653
0 0.26822 0.7265466666666667 0.05216000000000001 0.08018666666666663
0 0.29181 0.75822 0.054820000000000035 0.08948
0 0.39347 0.7996333333333334 0.06080000000000002 0.08726666666666671
0 0.31762 0.6348 0.049839999999999995 0.06821333333333335
0 0.398955 0.7106 0.06645000000000001 0.0970133333333334
0 0.43849499999999997 0.7653066666666666 0.04916999999999999 0.08682666666666672
0 0.484175 0.7513466666666666 0.06013000000000002 0.1005600000000001
0 0.54414 0.74648 0.05049999999999999 0.0934666666666667
0 0.593275 0.7806933333333335 0.05759000000000003 0.09450666666666663
