0 0.5336363636363637 0.3636198547215497 0.13599999999999995 0.1926634382566586
0 0.33770909090909096 0.37398305084745764 0.09021818181818181 0.13450363196125903
0 0.35955454545454546 0.2308353510895884 0.09620000000000001 0.1562953995157385
0 0.3387727272727273 0.5487167070217918 0.09463636363636363 0.14353510895883775
0 0.2996727272727273 0.577953995157385 0.05549090909090909 0.09673123486682811
0 0.33555454545454544 0.6354358353510896 0.0528909090909091 0.07929782082324455
0 0.4232 0.5619007263922517 0.08581818181818185 0.1395399515738499
0 0.5081909090909091 0.5523728813559322 0.09212727272727272 0.18072639225181591
0 0.5056909090909091 0.4761864406779661 0.06985454545454539 0.10719128329297822
0 0.5881818181818181 0.3916949152542373 0.10538181818181824 0.18498789346246974
0 0.6574090909090909 0.3565980629539952 0.1317272727272727 0.16840193704600487
0 0.6848 0.6727481840193705 0.12414545454545456 0.20133171912832937
0 0.9745454545454546 0.4905084745762712 0.0421454545454546 0.07457627118644067
0 0.14885454545454546 0.5260169491525424 0.04807272727272727 0.07401937046004842
