0 0.16895 0.453775 0.12310000000000001 0.1339499999999999
0 0.24744166666666667 0.53625 0.11041666666666669 0.13140000000000002
0 0.901675 0.6992083333333333 0.07931666666666648 0.08951666666666669
0 0.9164749999999999 0.6759833333333334 0.08801666666666652 0.09783333333333333
0 0.7468333333333335 0.47873333333333334 0.12396666666666667 0.10519999999999996
0 0.8457083333333333 0.47205833333333336 0.14428333333333343 0.15875
0 0.9045 0.50935 0.07813333333333339 0.10613333333333336
0 0.74945 0.7368 0.0953666666666666 0.11006666666666676
0 0.5482 0.5265333333333333 0.15416666666666673 0.16346666666666665
0 0.45472500000000005 0.45255833333333334 0.0939166666666667 0.1111833333333333
0 0.3978 0.5382333333333333 0.09613333333333329 0.1377666666666666
0 0.8428166666666665 0.7089000000000001 0.08953333333333335 0.1101333333333333
0 0.20569166666666666 0.790775 0.18881666666666663 0.26918333333333333
0 0.6264583333333333 0.6675666666666666 0.10808333333333331 0.1559666666666666
