0 0.8107639836289222 0.3366780354706685 0.11099590723055941 0.11864938608458386
0 0.10954297407912687 0.33148021828103685 0.14219645293315145 0.10320600272851299
0 0.15129604365620736 0.40263301500682125 0.1869031377899045 0.18946793997271488
0 0.14590723055934515 0.47535470668485674 0.1927148703956344 0.16075034106412012
0 0.14592087312414734 0.61537517053206 0.1531787175989086 0.1460845839017736
0 0.18514324693042292 0.7324283765347885 0.19334242837653476 0.267912687585266
0 0.3930968622100955 0.7506070941336971 0.11934515688949521 0.17796725784447465
0 0.5716507503410642 0.7571487039563438 0.09672578444747615 0.1576261937244201
0 0.7568622100954979 0.7104843110504775 0.15628922237380616 0.23092769440654848
0 0.6244952251023193 0.5927899045020464 0.14672578444747608 0.24432469304229182
0 0.6308594815825375 0.4664802182810368 0.1531241473396998 0.12949522510231914
0 0.5144542974079127 0.3644201909959073 0.06953615279672576 0.08867667121418826
0 0.667237380627558 0.34337653478854024 0.11993178717598896 0.11673942701227835
0 0.8882673942701227 0.4891336971350614 0.13969986357435193 0.13777626193724418
0 0.9114392905866302 0.7694884038199181 0.17712141882673949 0.3042701227830832
