0 0.0923876953125 0.8309375000000001 0.071015625 0.14486111111111122
0 0.3821435546875 0.693203125 0.037792968750000044 0.07420138888888883
0 0.37194580078125 0.7524565972222221 0.038002929687499964 0.09229166666666677
0 0.40537841796874996 0.7255078125 0.040073242187500024 0.08268229166666674
0 0.42385986328125 0.7555902777777778 0.040493164062499976 0.08970486111111109
0 0.32773681640625 0.5611588541666667 0.07176269531250001 0.09257812499999996
0 0.4442578125 0.6349392361111111 0.03675781249999999 0.06536458333333339
0 0.50501708984375 0.7096050347222222 0.04914550781249993 0.09905381944444447
0 0.5016455078125001 0.7983506944444445 0.04447265625000002 0.08644097222222225
0 0.5342626953125 0.7629730902777778 0.04014648437500001 0.08952256944444448
0 0.5686962890625 0.7483637152777778 0.04499023437500005 0.10828993055555558
0 0.61576416015625 0.7479036458333335 0.04049316406250003 0.09136284722222221
0 0.65132568359375 0.7774348958333334 0.042397460937499964 0.10183159722222213
0 0.66984130859375 0.7786675347222223 0.042397460937499964 0.11905381944444438
0 0.6966625976562499 0.6829947916666667 0.03616699218749997 0.05690972222222235
0 0.7119775390625 0.7400564236111111 0.045683593750000084 0.0947482638888888
0 0.73127197265625 0.7186762152777777 0.035473632812500044 0.06429687500000003
0 0.717060546875 0.7947786458333334 0.03492187499999999 0.06511284722222221
0 0.8606298828125 0.737734375 0.03345703124999999 0.05512152777777779
0 0.8631396484375 0.7597569444444445 0.033886718750000044 0.0605034722222223
0 0.87634521484375 0.7447612847222222 0.026225585937499907 0.05665798611111117
0 0.91224365234375 0.6691840277777779 0.017182617187499916 0.028836805555555567
0 0.92714599609375 0.6794357638888888 0.024995117187500027 0.03588541666666678
0 0.921435546875 0.6994097222222222 0.02367187500000001 0.03482638888888889
0 0.9794775390624999 0.7567057291666667 0.022587890624999996 0.041223958333333366
0 0.9601904296875 0.7974696180555556 0.02824218750000007 0.052977430555555594
0 0.28666015624999996 0.8166276041666667 0.062568359375 0.130234375
0 0.2699658203125 0.6917057291666666 0.05110351562500001 0.09214409722222217
0 0.181142578125 0.6963585069444445 0.061796875 0.10144965277777773
0 0.33401855468749997 0.8297005208333332 0.056064453125000024 0.11473090277777775
