0 0.548528125 0.6659708333333334 0.18256875 0.275575
0 0.5816250000000001 0.5381833333333335 0.11150000000000004 0.16521666666666668
0 0.669403125 0.5598708333333333 0.10334375000000007 0.19710833333333333
0 0.810034375 0.5249666666666667 0.16223125000000005 0.22010000000000002
0 0.914571875 0.6331 0.1320937499999999 0.2628166666666667
0 0.810778125 0.6812625 0.11099375 0.17414166666666664
0 0.126003125 0.26634583333333334 0.09435624999999997 0.18605833333333335
0 0.172921875 0.6067208333333334 0.17499375000000003 0.28750833333333337
0 0.234925 0.5539041666666666 0.14329999999999998 0.2351583333333333
0 0.19901562499999997 0.6998249999999999 0.15596874999999996 0.20030000000000003
